-595.033554113936 2572.997962600548 1490.7886690799219
112.93491576871654 -243.2356297676066 240.9241262832157
-4.6829441019992 -525.0942791304102 -465.88163002135326
275.3622846354973 -309.8971402360672 -172.3690273897721
-851.5407624244198 -1212.683190913393 -837.536326146898
244.4340494279604 -152.1480731540884 -99.41980077527715
100.24958622130988 309.42015321066333 299.1977463812892
930.1759996935187 -623.9330207181432 -2398.7424835620354
69.88252910792478 227.86793905631407 1647.9032719091717
-947.8644867204077 -521.025096276156 1527.28450876141
-192.70606931024508 156.62679455257216 152.71607143909736
1193.704393422933 -1032.2315873928408 -1615.0507230726064
-89.00655105060221 -104.34050803273499 -22.656955334698658
533.8476898408145 1640.940194405142 644.9007820848024
248.80630213238584 334.4161489738116 -285.4415554631711
-153.60943992222406 -188.15788065388264 135.14381140488015
-380.9153634105152 -1732.8255483823857 818.7789226802263
158.48260008512037 507.2147259468936 -510.23147168159363
352.89737037908907 48.37116019278543 148.38291223564067
14.259693203434773 -1193.9729678743552 982.5462834300171
244.90854908147145 360.2081642091762 -162.228010964449
-405.07903716160183 732.6532842207749 -1594.3147447027513
1062.7818979614653 -717.5212907951504 1041.1144767698777
320.60002468924057 -352.8835759386052 356.15438510424826
-2405.4711683625437 1157.9604269263643 -626.033190220333
-24.87884141829444 -56.73094167925151 -170.80083837996216
1272.3622678595048 828.034451767245 -995.3891468522523
39.224645888041074 53.17168728564656 -272.97357407726736
478.8088640381773 -1682.9779295860656 51.40351936142871
78.00315627729726 160.98643492421854 409.2631530769147
-1095.820519491499 1762.0118437407496 513.4965260642592
-250.8210522914167 -706.0236981441483 -830.5357446850575
73.11232919543075 252.03442588528634 1743.0185723886543
-351.69070223828487 1460.530313252743 -473.76965794693916
-129.67646853501662 -485.6590235525691 -174.36222491055864
-462.56618621413384 -824.8322321849765 -766.0079232527
-103.14366488484701 75.26196740236637 44.86499597468379
-389.9520899225263 91.46886615997893 60.0750207725571
-17.65090998070105 134.51272724789138 64.80757948217537
82.7041310386252 338.82126319104674 95.10189749385489
547.4724281946646 2.955247467895248 273.9236791496282
15.656307125930725 -255.77398204297245 279.0224712868046
611.9764615323763 -32.27512906026349 1897.0355178827174
336.3071242398143 419.8457678267944 -252.2794468037854
-424.32264968268953 -704.9997141936013 -1763.8342217964055
-417.13425206460545 7.8978141730287215 -132.01168050426543
376.3058473408577 543.8369203756706 -100.28835712689686
-158.7514796393338 222.04771858543185 336.67775778647774
323.10163972371237 539.1002823348026 -140.89895610108115
-751.8511907387121 -45.610642757757894 43.02271431981045
-117.92539382818431 301.3002623961641 -152.46142038903525
379.9259492767569 -344.2359965036904 82.669562372209
322.6149800907665 114.78387600923044 152.88740408831126
-463.9138468936644 16.327409189145488 -82.40022348325864
420.0495673271571 114.36456904079158 356.77288176939226
-111.64660457068358 -21.6347182561007 133.82023280383555
81.02193516638924 -1501.8852757496502 -1039.4836895388396
-283.1982024202697 -292.82293438327844 728.4979003459936
879.9943836564125 2190.321523783194 195.62477990763088
-104.47547884833416 -605.7385069399272 -184.35282258190924
-1583.1396633335344 -2063.767758588118 112.95802118639246
100.5528428769791 845.6390846847645 169.25917784096652
467.2396875252457 -1642.8930603266215 352.5850940155957
272.9575575346246 43.40550418807341 -138.7308969405725
-386.74515358743895 749.8523965698186 -634.3490035373902
-939.9596980892067 933.1660151408548 303.6348718331958
182.97478884992265 129.96227316061777 422.2052679835589
391.3057501315716 -309.3583373150932 -43.68424885957776
955.6325157432851 988.4361982737364 -873.3127994255982
-116.0384637359972 -621.969414530415 105.49804560162993
-115.03146250670876 -357.1525541924394 574.6506530440926
586.5163402082425 1273.3365313635811 -329.2767918901928
-407.0578376058286 -449.3464401943408 -625.6276414490504
-121.19804452702576 727.378576779144 -479.74564032180484
-156.63164814063998 -154.99028785882268 128.09992316989747
1039.484218862081 -2722.561878739314 1982.834486877294
-175.95905038937332 170.06463314835443 -320.0453906329023
-980.4082989432669 461.96193010165734 -1760.1794860544005
149.79977710029482 -216.1510333895189 126.65002393417754
70.16606259903021 385.62128608249174 -81.62450105714557
1668.4684662385675 539.6759867227482 -756.4106518672921
-1017.5874067252041 -414.60341928902204 782.1158111786167
411.5394159456009 -1660.5968329948996 327.3227666893998
-452.22434897364235 90.21745989157671 -167.93305185258018
327.85976194260115 211.02991492100435 -148.81408010707332
-1079.207616537147 127.99295734553846 351.6661785169154
718.5649755279584 1322.328839058105 -149.4211988254155
-153.99629712288313 172.15635547963007 338.0847814830712
-288.31293740657424 -103.62175068774657 105.36155565661178
-37.89757474353497 -323.2777962364332 102.58674615807662
583.3924288333234 605.4648079888216 -1402.6871615030025
-209.14033346307735 2.6773315206446084 685.8075712518562
212.0527466038745 -383.42567477422324 165.9900644716348
217.03822480063718 587.6625829421428 327.48562894506944
-565.3470671322126 -576.7563695259396 -620.3139039682557
8.29295066949473 -256.0388041476407 -57.99256159450999
-282.6849152783225 1038.3407274451038 761.7036992304295
391.76179079043567 -440.54310072037066 -282.69120937611024
186.12535457778378 -10.18852942266812 134.96611565215295
1313.9291432261653 -91.2391175125739 -508.2033123200795
-252.5605860187213 302.00872869970215 513.1829570681374
-350.7130116423701 -469.53652842103446 367.3363148305877
-1182.753622776246 1523.0411817169268 -2181.3328649793575
-920.7391561992506 -1107.4443066110775 1638.636107527654
1156.7053725700318 54.832045738661 -48.56840330380738
-206.29374908618894 130.54942628066996 88.46509123621269
113.24559440612268 -55.113972555216044 433.9988645218574
1663.8510615211521 -708.6913017789349 79.79296138312863
-123.65108270070122 -37.064766105661135 206.0982227975269
-1659.820908817417 2292.984129223672 -2041.9490538745965
32.289782812267546 231.13819247529884 445.92107584155167
1024.1068358850853 -926.3833448239649 913.4455202764339
126.39841737192295 -197.52369526605221 205.48709302213794
253.19354779842087 155.4133503839737 55.14192629653654
-29.087305838759576 752.2698927362947 459.823575369503
186.85897149718576 -55.20504313703063 -11.491461373778927
-780.1722159724977 441.68732990739375 -702.8218808458964
403.71467821970697 -1196.8724167896057 -146.29753941234907
25.567457810746465 -299.4781848756711 -42.85353927294728
-261.03975689218754 -16.45288649655825 155.43830794970071
-430.4341911011917 427.59215512944064 348.43190235415534
-265.5499232802702 -644.8546812879684 242.01696092162288
-324.7152446702749 583.6598972063613 -612.182396359747
206.61964948081274 1172.7116278626122 319.55638447649545
49.32261196147198 -269.46755625815246 -365.59356417206385
233.5809602826846 -558.2387377543834 600.1366371497593
259.6198536301844 -36.12866600666901 -105.89825002190832
-463.3757840410389 -1423.3485835004035 187.50741274303488
817.3497470332788 636.1326919803669 -660.1262706834871
51.291153690705904 -287.5654698380878 1276.6642006749967
-355.1943931283566 -359.5984707118257 12.84561103597775
-116.76321312482949 104.97756264628295 665.9794791088059
193.96973281640808 -586.675468672473 438.9140207146309
1325.4837824028023 536.2948008455695 -767.1002177852224
-67.17325810597615 221.43006101492225 -133.98480144297582
-118.16833458663827 -24.438256479992763 232.2279668364564
-479.7824930899848 628.4676893530542 -1014.4287967537081
-712.7780193716752 527.5878513687327 -1221.641286134479
834.2126268037348 -515.8040349328952 628.911986293392
-30.550826489991834 36.61985551541106 -96.34461163979326
-229.84010183591374 580.6315386267111 -253.8518071630556
-333.1700985056614 260.2572210511851 775.1569053307563
237.04921700705464 -1363.24491266127 1045.8878312382592
381.1092133925052 70.32991789067388 187.68746259070997
324.9992534224887 -1995.0656674165405 -239.42996773076428
-542.0363821340719 754.3818968890461 -1302.066405147299
-597.5184182276633 1213.300461600093 -1019.7988850430236
-299.2214228266584 393.4828657151315 126.42896041292919
-1172.1399637051998 -592.8562036418381 2832.6766339147957
291.1499577926029 347.4626442667196 -659.7696590622845
1283.9494212416403 -1576.3346776088968 596.1244816805771
-254.36457616976162 263.9568010153203 -109.13719838277778
-65.4856815127515 173.79115179624438 -233.76301307485218
86.55786653057542 544.6150659549402 -1444.3656859445493
39.94558632005794 18.25380900309179 13.305217889738113
-191.27953502437416 175.0219729979687 324.68399333200995
-1615.4935714237322 -782.0063805047572 -525.3231108865551
206.1685076480202 165.92361801836105 93.19658301074107
-291.4945669977879 520.961956959848 -77.91427619952925
408.94178870600734 -200.3721327472386 364.85160807150396
228.98003446646442 -229.03228947856033 447.5711503890365
374.5351983657722 875.7885101074272 -214.06253506493866
-853.2244067400154 132.21983205191947 -252.78951972899011
-180.92995569449573 173.69294665220423 3.0053488053928668
604.928478364102 -52.882026164072 148.31179727125655
465.768215008486 13.730160479234497 141.7100487621569
229.12985867464323 -356.92329454849016 138.1642457666258
-2.2485626327699575 -190.3788892795767 -148.3453613700279
343.88502480287156 811.5281064163114 -1617.2232719834335
-573.9890763630082 -266.334140886359 677.6881092320172
172.36915379345783 240.4984855624284 -5.455175881429834
106.4014064908513 19.46498261283163 190.00816906132897
-611.2658423999295 -1188.6872753617133 -1475.9572705839587
351.31995229557793 224.1329250844608 -37.19821368198824
1963.6506915828475 2336.1897586924492 588.9398699793155
-93.25828177687974 -268.35936588081285 271.98569399282536
-93.41708789182299 -216.6930944039405 -255.57290603614115
-633.5635092714879 1067.5635211310898 870.0824647017711
-214.14713443901212 -335.35526675508453 -70.15575457313545
-285.5538668012043 -295.526312038508 -746.9788969560243
-250.73316628920554 -2780.522773544521 -283.25979624162915
238.55625322812998 333.2409228829055 116.79044505694888
-76.22520352826102 1308.7022083264221 323.56811514329803
1420.625876776746 -1556.1553622217045 1611.2429337334386
-745.9706048812762 286.805900325891 366.16703114629144
-1310.059754988181 732.8260092176281 -1859.1092488547333
91.82549027624744 -363.2677495787654 201.7184025255988
2025.2021019089684 1302.1521017477348 2695.470014463841
6.65490167305888 -44.5970433844587 -58.71736049251728
-1522.7557161777263 1.917355605362913 -942.622156588471
184.25943588804626 -172.44148580755876 236.21142370397308
599.8711184356592 -182.71965730350664 246.0953991260685
-1174.8571082864523 1228.2011117787135 -828.512241789447
500.74438037607723 -593.9773926245185 -117.5164933883004
67.29484319707473 -255.9867590025745 316.55192705854466
1361.7358656449248 22.049785988228678 1783.2555700236162
-156.30730611811532 225.54218172574474 -466.33932322952467
-756.7906568339034 -177.26704489546427 -1021.8844450239144
798.0714879621062 -1381.0114537104198 -2085.2607612954953
-517.7637223972047 363.1769697257447 555.4863990437858
-2441.9824391778875 -195.24148123411317 -718.3709454006432
465.1718158519262 39.88347872499476 374.68311196134476
610.4364894980998 75.20595781812376 2218.4296959682492
-65.96312371159948 -38.38025824695117 -28.63352087497303
700.8256753489229 130.02361711232436 -1521.9424136813195
180.35697123772638 211.5780032082394 430.2614451350791
-58.88101918381859 -300.8297411744648 316.90752732263604
-893.1510238382524 1008.1615466622242 -372.0663212250971
-238.71008349522472 111.78891745323229 286.457473628316
949.0069634519303 -1799.2209819631769 370.4547774151095
-137.21513502881845 1000.1276007225549 -12.245429771862739
-206.93814875930113 50.209091261299314 -422.9494061442858
267.9232410309288 164.89524043383454 236.38435317452846
330.335479196674 423.4948191640462 149.52018385071173
223.37384558392503 -428.69923297327625 -346.14768443895997
-473.7104602072202 -35.27760326698588 106.08561370361764
265.8447573701313 -176.87775355638348 150.06495390652884
-840.7387458582764 -1941.495892959958 -2363.8867986469186
691.9903656718549 794.4365607127212 1500.475772761053
-491.5785476971093 613.922287871252 194.52467464892788
87.367740828019 -372.9505960754288 177.7565426528406
179.17170464865677 493.1676100045475 -872.9550939620341
-284.53866986725376 -331.1050195342258 318.73120802347205
-346.9736837937506 -864.8578898199523 1489.8910007389143
-181.59738912452838 -118.60822186483898 261.77988944003545
-898.2293379291816 154.96936261585034 -302.0971687459451
2124.303434069013 769.097773815678 487.89929096308333
167.07672876522716 -311.33423700739746 -639.7287861758482
-234.5360451348967 424.35876333254004 -178.5737412605584
-530.1345352173165 1389.0319863353793 -127.3441789182118
-36.600389254322266 -261.8948101279315 62.92257050172439
-78.3554733733081 -524.9529850591666 -27.91139595832219
965.3871845920208 -1254.0110653163874 497.204882702052
232.9310023688963 -84.99547043281407 223.12756515196182
71.10911581346124 219.16801461153426 -85.58756451756106
-1220.2877770660568 282.12670486345553 -534.0227915463843
68.67751777921774 345.38859076617246 -261.2290934436053
20.035995430250818 109.41242887961056 -25.57147616252589
41.34480919827174 -77.26760955539044 -189.37470498401058
-614.1128399145555 629.0354777338079 -118.4323778276047
931.0882587805183 -38.630630401409974 76.83771573789345
1633.7339362033877 12.779231101155448 -2110.425028015715
-65.28330248902223 34.101312757900935 223.37674180678331
-1896.0942296420926 518.1835370877353 775.2618221385596
-197.37677145794808 70.29284759085101 127.87199277304417
-111.31142144467607 30.5790676953402 136.55919951994707
356.46760704604094 234.90233755132158 -103.62819896942631
150.06581773121758 -133.0123101165131 -327.4818115610948
-834.0592555583814 -378.02996975672363 760.0187205926903
258.434174327721 147.05581841225188 -92.53741054833198
706.576587439554 334.65824826158985 -244.34332198617318
-1146.9075697125982 -747.9782287029789 1430.2404918915527
1292.8137883559766 435.3349256409325 -1678.070229566072
-15.681529510616603 -13.775701763540537 88.40873875240534
1178.9315687746887 -1419.0941791818018 63.97280197415475
-317.87420291705985 844.5115502417619 -414.64650032882616
-1029.58019644791 137.46473692668695 -65.86342030139176
52.23304683669465 -113.490980541421 139.96809913535077
485.5423236238528 1813.5931851483167 991.1026493273894
27.37765539676555 -279.86308103679335 124.51829133563211
752.6399550707796 -448.9612122603587 -775.0068604569323
-90.2354205641771 -355.920578324003 20.76887906916438
-299.6936153637237 -106.54682515225443 -257.31214197146704
-76.04439049482123 543.6682348868969 1422.8885555075965
1084.6148669404981 1291.131363945536 405.96965265561204
205.58266515865608 -446.1332002181344 -164.44625748890434
-965.4495216636997 -1503.348283627564 -1163.9005289053748
106.1043413909135 167.45380006974267 -95.96351448403566
580.9676681046464 -574.7747020624777 -173.81206053061803
676.1401846733173 263.8711942993758 -198.0878877011692
-635.4693159693741 -299.83166360807 496.8909707857902
-14.869796519364742 45.988496760475826 -715.7366009424353
-1111.9267795015235 614.6997006014434 1280.0179702907626
-88.41678800563896 163.6426902477236 -191.08235005302976
949.5572166593126 -1681.1422852105054 713.757990548848
-686.6708057894939 830.8459345367527 -635.5199819222586
-1518.0706239270721 601.2181516501555 -1501.0299971366994
69.10339874850081 -316.85210751129904 229.81164852908853
1225.069796191078 147.8155943861364 1753.4401595885774
154.33275970641373 -155.7690354992305 75.77873858637746
146.40660598662595 993.926726897515 -726.0068123946387
107.22113059099216 49.51616656907271 -126.0490338312529
-36.68931491712977 -88.94993108363315 -65.18846385306333
-1323.7190286566718 -2061.9702318262034 1554.9223776612953
-187.01518564914855 807.6260451365235 175.24377496537858
944.3021211163638 -261.90981803817095 -1163.0831198165451
212.3458068479883 -140.65715017965857 -41.831829194818255
0.11134666117349228 104.42263977583713 -137.0855604160585
-231.02408636855603 304.8887700807683 394.1292261283697
1082.7551103725016 913.958924923672 539.3921490746952
-523.1076955975393 140.82066295469014 -472.64391290768833
-415.81662701083184 -556.0197800003424 26.010154627878354
-116.2837334324828 -111.36685368359005 -708.3922240232966
-1605.5990541201622 42.80407061835818 -2525.406307061051
520.5517731191903 -390.3445151322734 1507.9882549022627
75.31712327745825 178.0611315621953 -1145.1473162628927
573.9015507969027 504.0818099383957 312.81066403847126
-2098.493837579825 915.5970967724571 2916.3563316734962
-439.6464416736698 -448.1566106784973 -156.36860108554748
848.3553920002395 684.2707897906959 289.9441177663681
-223.6544340786097 -109.44206420685406 -77.2368638254688
431.236520656224 50.37466323198998 -172.47675219962605
-414.4643150634139 -1057.8676007708343 -102.96357311924174
289.1087833221568 -215.998261252106 305.39479372021884
80.64524616055037 208.87523606224312 114.37706461111576
-754.8982381293226 201.5067211804103 270.7746887813139
175.3771621013516 193.36638921401703 214.00392377378827
-104.58370012746862 -762.5641843021658 -499.77400172776055
319.2559378723322 -117.52326188526499 -945.6552848106816
244.81823361307616 -131.31392622527017 27.059409035020604
152.40119079745924 599.8330541119233 618.4524541433236
-397.9371852982097 -238.71471892946556 103.5381724683852
95.66375964899427 209.7918897346907 -339.46285820051025
156.59129974078454 -35.92934812345661 284.6372961279931
-203.78517938277776 566.8839088874574 -79.1840468041972
2065.3501395964445 -1036.951480918002 103.66423284387919
-50.36808021460647 47.73262324277317 -97.51767052336564
-278.7835819267014 78.80948136470232 -1867.2274253751905
83.33232179934366 -230.4736415728978 132.94088090898308
1088.3820386294417 -373.21486591153905 -746.2638080489638
120.16017921435798 -26.472093104499343 30.42295461001628
-1050.4712573962386 893.7560325737127 868.2124304799962
200.79583729781976 -7.757470706028061 -45.08220301482298
-283.1529171191585 153.72985699299602 -227.8659049110446
-785.5004923037873 1320.4650863322074 -1121.0199252545544
387.60719930743636 -476.6708245531378 69.7073463296388
267.6777048808883 -153.06722360336536 -108.76335111739571
849.1408473363399 1728.0691047324349 -813.1002801647608
348.7470728286572 -328.91204963447854 315.2191839485753
338.00291554865606 -652.7583044278105 610.7971723671508
-1163.1431518308632 -1855.8850860117093 -793.2611516199461
444.3632592597548 185.36358454829775 -41.84820455215289
32.53131181399426 48.224764019386726 201.68133135188452
248.50467826317234 -678.071090999077 735.6300756550166
-202.85787648465566 119.29731629509124 254.8733014240544
-370.74109119345906 175.2472801168702 -165.9855802425415
313.26069037827546 357.9352700072853 91.08569100763067
-422.13543131447807 -11.212516382880523 3159.9320045460213
869.3084053147488 468.74630837156985 -1466.6931491558173
-523.4783234486191 314.7232443101851 470.9819607796408
-341.04689130885447 -546.5887718604744 12.935524240465625
952.2770792855546 29.981262833259105 -1306.3546633620217
-117.2629492208772 554.7745465348451 -262.25620752923925
56.47092828219934 -989.821378771295 493.221220338137
-320.628349285284 -220.72385774681388 -45.985019232455954
-93.73523041083986 703.2167070755573 -246.39790154982123
52.89030299275161 -9.583385056307145 -142.25399497448277
-65.34003146161737 -304.3898393926079 25.028739238434987
-35.12396336056856 -66.99148612830352 604.0414061377887
-45.45397170972713 -609.6135915949895 -1017.3509218865516
165.79971292922357 352.26332276078244 1059.4113378437223
309.6469540289322 -204.36543328543465 133.37863010454683
1069.1440508929165 -912.5386667717199 3128.076355483102
-1022.1124520708595 -337.2419692866482 -2705.3544488687926
-1206.5292540984758 2065.358631799748 -426.5255421910562
146.01355105457927 -445.6347545955317 143.54415788059669
-632.6601048237106 -430.7257027612381 -643.8489739548471
372.53667760381205 -191.00037906121315 377.40083205769196
-59.44337662485021 49.715675142468655 -8.479450544339935
2216.060408530937 860.2539454751759 774.9575121973093
-1336.483851584795 -86.10558284453532 -1196.7427761498168
-11.628642953863979 -346.8981656262704 -245.1935388763421
136.1250280845155 382.77173498576445 296.8555491469388
87.86971240272167 -386.3101672501867 1804.5209075718437
290.6765706087254 -153.30193066428333 -244.63091276943913
-1694.837396175098 212.486467705798 -1207.6738401747182
20.980801334358194 79.37884594949547 38.0827324647039
773.5035534512451 -92.2913947319425 1052.433332188018
-602.3281244992278 116.38180517962122 153.3421256122899
90.41655283645967 -152.6475504342525 34.06554350659478
492.3661954865657 16.79311501490803 -718.9719794779304
147.80660637876747 237.0022496745499 -94.2186820945985
-42.5507778141786 -122.12242004328199 32.93902607754811
-256.3110017430073 53.16464889658601 -54.36648089428366
832.3755867686906 -1728.3193799038502 827.1525547133625
-342.5641490125051 314.0148513864158 -670.9098724660506
-242.3358869280043 678.4856900067796 163.86268773900005
-162.7593520936208 223.98594536250883 -341.4933554881165
970.6965403330665 -893.3342160475819 -1145.8404889905835
59.193572520154376 400.79216414175124 446.58653967267725
-463.1158338360025 187.91775463233768 408.68958842183406
184.7130380086127 292.87663478448763 -250.02664714232108
-1078.253863201848 120.34795233512081 854.0281643753829
38.970752460584386 -853.745640225593 248.605180839036
-1479.2902320577414 -339.42462722798024 -3534.121728533862
188.22620559436695 12.851289175336511 151.63752736868673
237.25328060555742 1188.9547728063417 -337.28074623231413
154.7591334845601 43.2300213905836 15.267608217154148
122.02793835332837 -341.8822551873073 18.816590923800405
81.18010415088291 -102.81917222204166 197.22870450888846
1454.5240652006432 -24.96787781720208 1988.9151384500462
-389.79531583622617 58.41993055670673 -83.1195948252566
498.6149472997518 1047.6859585540446 840.8803991076561
-1042.2639798074588 -185.79328374423508 247.06799884506188
1290.0545175644002 -101.42253265014406 -480.74915954990485
-218.0337222985623 -272.4359538844407 87.63874614645589
354.7434168563733 975.2551977350591 -1094.3886186594532
-13.270080256044109 58.93484152004235 68.92306459731533
-495.127004098367 -1362.256617838774 13.460835227975267
16.140494636308556 177.82760990596657 303.80693617766093
386.65936404567515 233.6713976828194 203.08991283247417
-1729.3626393690067 1001.8662290115038 -867.4748645787047
868.4881011514703 -296.907277602152 337.66200462290885
747.3295010149891 -79.57370997946124 857.8676096990218
-146.64330656540125 0.48546040399518103 -216.32651656458475
154.16731563120115 36.89999955178543 -60.11237225135771
-3470.0045495409627 -192.12800644988832 -553.7747688792296
855.6643518474652 -166.2666870182961 83.03544288938099
1556.6892111742836 -16.87583084937717 -371.12298349690417
12.265973903081418 -106.11373698724572 141.99022666270278
293.58840356892966 395.781393703202 2070.7227968247776
28.11366873031282 -51.030600723227735 -863.604619082422
-775.5114094026139 539.8706904470955 13.425885490116121
292.6443593017255 -265.9690481215886 -182.66232755519033
94.00983738127954 -216.8083800050454 96.60629430833347
115.9046554571187 115.81663857859806 571.7902118049548
-39.00378912320929 -131.5697564199286 94.10868383782984
-221.1067117454099 181.2526847852419 107.02984475542141
566.2179851286235 -929.3826736415058 -1420.1921979190217
41.00322284803747 233.2320885163427 324.55384154821917
-72.08969569712222 164.50659579994388 201.88787947919883
-372.48356124249074 486.94321214606555 347.70694240605724
-1039.401367087234 -908.8077041222266 127.54776641060086
583.1242167775918 -322.1285507358115 -583.8690422831627
874.1938280891434 1268.1617294277455 147.56851679196902
-65.88894122599906 -205.0780147884214 -416.31804920648653
1887.275080699546 -1574.7880075376302 1189.7068439410007
-212.62689392081145 84.9012358041654 -200.40959282163385
259.4958608316554 -235.02916160747708 473.088270792262
-187.02998394654682 -25.54332498658183 78.12294473041996
-264.8971691754665 202.54318646528236 -53.23952383518671
-1028.2573801680048 1372.855097545178 -1731.2343231499585
505.8184769063459 -15.57927843166886 -27.19255324384605
-26.5827477294755 -306.62290159571637 577.9578162321266
-428.4477808377425 -629.4562402746085 2486.3614754873865
321.6215713200145 117.35405672327465 -2516.4509324541923
-56.867595547247504 -77.44893793946653 -68.72099581700947
-1603.9027702866736 754.9710223113569 -629.3228195778836
41.62280517324627 -750.8954622013285 -586.4818159563094
982.2817797365905 437.1605722588027 343.44393080197045
-109.17373083412414 46.321579951525415 15.007224153993288
-0.4625567545528469 1667.4633128341022 882.3738253181982
36.96530282481542 9.811681542732165 343.424158338505
-795.0924995899525 -315.7350519173811 678.1076964259657
209.18359730175192 53.98281532175108 -276.66570176719597
979.2740329101491 -1087.958052702828 449.9817154566395
5.082816265707189 299.43545948863203 -758.8760234600859
-772.030678963838 372.12757633436314 -333.1528944499421
-389.9518500062483 60.431667072272504 -78.70314685603432
391.94024388994535 781.6015149293938 -584.9885155302522
115.55099765276375 -62.23104095013713 691.8114088106854
-206.58116872496254 304.18399356476317 236.15297076920635
133.6246501168539 -292.83507526477473 -351.4229339333622
143.46131042338223 84.42028616588814 37.21822183386441
-45.43444923257454 38.06801894945898 -229.7777160033182
-259.5549079400812 -301.6635106654496 105.87458654783349
-754.0438830666848 -443.7828895533961 -63.260632744979766
743.208621511514 -904.717984735338 -900.5003516839018
-45.8943780315414 -391.34158109950016 -613.7774766332511
213.2020742562204 -315.2851768628481 -128.17175036031975
-1747.8725271858852 -515.1328738463353 1658.5244553895477
96.8001873911469 7.105103066731401 52.66600903754015
416.0915639701681 705.8296871368776 -1569.1237904652653
-290.6513148371768 127.5353989233539 -381.09541926143834
152.87006177759756 234.70081196471128 96.03530057865004
628.8677032929551 -1512.2370848274206 760.2138586894331
-92.07965950606004 -86.68689094213768 33.27295397030848
-202.44308842589882 404.39640498444277 -165.81531213126513
-781.5668815384197 13.774445889908543 733.52661569264
429.91128274700424 206.9908861280116 234.28818418702664
-75.08806785071224 246.9524936198409 97.2840434495881
1324.5281304749456 1970.503447777257 -3187.6274288818445
-18.2246226952339 -348.4350330620689 276.07076831503235
405.9884614547698 -1803.1389927858465 368.3754046141582
-321.01385298471166 -559.2932854209723 2719.0156007737146
215.5183107185026 -43.200733022317785 -219.630237068807
-310.47248466399094 324.6692237261699 -53.6504368976486
-839.0526617887651 148.90880072895044 672.8173484836517
-33.776480113492646 306.41784879109247 -451.7942646460914
-58.12531501455174 -59.97508743064926 9.629477742472405
1972.3551741001916 -725.6654965567459 1182.5241617965924
-880.6942568517684 2119.235884903965 353.880741247376
-27.20134862841074 -1012.4424573637064 -1654.877759090128
-116.46266992422946 -44.260689719821094 -198.39142866950556
795.0803613845831 681.1650448078527 2145.083735754442
-143.70629760023095 234.37461770449167 -402.99626748856014
861.9648149719595 -1273.963214017153 -1456.8871878652017
-477.37557014262956 121.11827913471133 -270.37507873218794
-347.1965126251718 -38.661156164346764 -387.21262713090084
-102.12507477615301 123.47271589020816 622.3142429590085
741.7295405140029 334.8436811000347 422.37188328365795
-101.6566150837129 18.20926270559985 -713.2571832777196
225.62079481315865 1023.568711126581 869.112340846712
-463.81210954099356 -186.24981691925376 216.11923633148552
358.35214294180423 161.38149083947476 -55.93094122568689
-585.2288011313709 -936.2616358135637 146.35169033970095
-134.41792652707025 84.19481750050439 -20.333244530419147
-310.1677775117296 -122.40019157913999 -43.79953624811885
6.003759244219501 185.16766007836299 48.7678002203602
-661.2889080184904 -824.1583512953872 277.42572774171043
253.9202912340954 376.75926355068316 -557.0555875383498
-387.09091146066777 815.2596697104067 -1336.6121857562894
-440.27725310909693 -595.2936619100412 257.2189799071257
2428.4273428635315 529.2801718020532 1438.9613898730588
-646.4378351944143 -65.1003208555438 88.22844904099318
339.8145105087618 -584.8707000512965 -137.67978621874408
-385.08868379917175 24.237872467746755 -51.018562833183246
-177.54930357140842 21.07768838875022 -301.7182664682092
1231.4477402974576 467.31107085681793 271.4044891086751
-649.0466166798085 226.2926918038548 373.84557521708905
-738.3754737023942 -599.8250156722278 -547.6877792731075
-463.769339068745 768.2214872526454 681.9526599091703
-277.9509309934419 -861.2159523329624 -253.49603007772686
218.79298421067227 1211.6963398406845 -1556.4105581712954
-106.02062304230188 30.698436940279482 -84.9662293711544
-173.28289893240762 -1873.8725067932407 870.9980173404473
300.9815985376607 392.9814790599077 -332.3089041238303
79.29685378026605 -76.85016147723863 928.7504811824639
-372.1518484641531 782.2951955730583 -91.1072484815442
520.1661913610238 19.447092261849217 38.19290150843619
578.7831324461652 240.40592452628323 1667.6960764461119
-1337.8140034644427 -725.0840947784106 -2490.5943960337413
1608.6750061973403 -678.195951100258 388.31943220051846
-721.7483372080387 35.26131581045519 -259.8609774841687
-26.37674635716546 287.8170555561026 -128.14074159127335
629.7056376809825 1270.2276620857058 -815.0425725483265
-666.6755052694531 -1191.1853488472734 514.0085230015856
-247.67101217418025 -66.16037671608063 793.7570248528922
197.69014963219848 -76.34239136656845 -453.66396058523463
-697.3880233420007 268.86528909887045 -607.5237094803853
-55.85250882704894 154.82301540827564 66.80729849157039
14.00753863190874 75.21208238631193 89.04213740070242
-251.81621623826095 283.3848548625059 654.858762769365
11.379389976843001 -557.0395507920248 -723.1470699607863
239.5550439729792 73.17098123796343 374.8312440651799
163.1576904815208 288.8011701771987 515.8624271115465
-338.2956422306446 505.3632151402214 384.29837753322477
-208.49835890853115 -20.594131204593275 -21.26867569601065
1146.9090148533408 -49.584285141315426 -316.35735256970673
67.60747113569028 104.26598647458736 172.9814722470414
-567.6273448362092 -174.23420895815593 -112.39781448745465
918.3676073699402 522.5337327368837 410.15630427420183
-293.7527167406291 -96.46840021223848 -172.05233451326015
-155.38023006206626 505.3996642758337 -511.9895337243572
-1253.2327329502425 -601.3031928922051 26.4360646128375
229.96558315462502 178.40482056565259 -54.38386842760472
-96.38500782817768 110.62804804707785 95.1074402127585
843.967888443029 -313.844871495054 -56.56884357248862
-157.42812325723216 366.5206390241293 -257.65965468644174
-1702.576659265971 385.55153471366356 737.4850693425185
133.72417335765758 1340.857683013699 433.09646930539475
198.57228587207294 -62.735764450504526 193.89225854403148
-92.25461683704333 137.21820350439904 -194.27698392126902
1092.4052538115222 -1362.8497383268286 -863.5162725569223
24.615707808563112 326.31799455327956 204.04374993464677
28.247813235025497 -255.87970041276807 -32.5704436736635
732.8426266803278 453.154393470424 -178.54830182572243
1.0761765678382818 -1611.8272021398782 488.83719951116746
-1608.0115675944014 1289.1142610267798 143.66134663160142
241.76229380936792 -171.01494650020683 -56.719172122120334
355.5883522301991 -1165.498574390707 465.0159575234319
-130.87027926760717 -48.03747333228594 276.19971653319243
374.63266160947194 -1016.2898381856139 -1235.5946605066322
-42.32649605928725 411.079286547451 6.133597567584199
-495.5455363478514 -109.73803758287416 373.76888897183426
2998.2269880614667 33.706240208515695 -1657.354737698061
-297.47552629333467 77.1568493827966 331.433663548906
-865.0541894888933 -504.7903007565226 823.475767984505
-119.01771467356038 -339.29997983022537 -280.27795968066545
295.6946907407005 511.2810715204026 -240.58035074401343
188.3904409230367 241.8814382444202 -89.75771313486821
-1424.234894951392 484.4236363257429 1502.2556047979817
502.1472746069773 -207.96478865171073 -35.69199590189433
146.02966978336204 636.3287976641983 -194.22965235816008
-787.8403455264117 50.682387872744755 -347.2867874568044
-683.7962038629823 -307.93458811245154 -783.2061831854724
849.3953535527305 726.7399314279558 1032.552954857091
1744.9678072597967 388.68860484744886 1856.7617694515593
-309.7009298666814 357.17015285367904 114.76658315506741
-330.10697869929487 -737.0156355575945 -2368.2869290009453
-534.0586403911245 118.9349561575492 -234.39999362716185
150.34989572070612 180.39837246747643 237.61329601056966
53.167135273622115 -594.5690768126109 -92.53001388663502
-351.67535227891096 -35.521847272204646 -392.69907166625075
-1198.8585041614294 -181.9943106397053 268.48778618616916
-178.46513653114746 416.557963850491 20.54354188347286
810.715106094372 -241.81670522659118 496.4911321337823
520.6624690685545 -1682.2658205574614 1602.0179043224841
903.7780214389313 749.2144972160442 -1145.134308288938
-856.539857101069 1591.8012235182466 -751.4449993202354
1000.3224404774454 -384.63590460126755 -1346.722447821133
-330.1961523186981 312.4592746881798 259.32507874919287
-1052.8076148026867 51.51731377766226 1647.1175383975826
-112.9823201898248 -345.2765706162439 -486.5041490434807
997.9415590333853 -415.5285158381806 1613.1202675835573
-961.332992697224 104.4317665062676 -460.66366369271475
1334.8781351799819 -1964.0656132752165 1318.8167214284904
-389.3102613630448 43.43718707783236 -480.7667295771309
391.06106728865547 73.91935669711982 107.68069098458234
407.4881821977138 353.8931253136697 445.3730352085368
-688.3092270274194 71.79410796849403 580.6850585398629
308.1149356349306 51.88995800406839 -642.9367689744024
-614.8228570947688 592.9358939974974 -550.1368496874868
-193.27752250562213 -50.160679424843245 -707.4899817175444
-121.6272326078943 36.70391113242601 -71.16543022727822
-499.01691606910515 40.61873136156493 -219.45137012572613
11.780121491368236 1476.633496487932 -1020.6150096661369
545.9911023051063 674.4401588944995 290.62392345725806
-1386.934592521907 -1532.0365984767743 -862.1599133777956
189.85363707519255 263.0602964590129 390.23580437732625
1110.0815751617195 -466.13702745965645 534.5378243487144
-19.493521587199602 -76.85414913236608 369.5102994802939
-810.0076341874084 7.280010825278698 -695.027200876504
348.5750514120062 -427.07635090916085 41.08549116690076
-39.18081551144194 65.4244449397416 -235.4425364891405
152.87795396457992 790.1491181682962 -1.2147281770167109
542.8720364644239 -180.54459172092962 109.91564854149203
615.3335769249113 -239.46808778384576 450.0716636095575
-1498.83288636371 -182.01461939989346 -1443.7945945363285
109.75387126262679 27.58695875537655 133.32129643114519
263.1145920923372 26.915785601445908 227.54952515519238
1585.326458450459 38.92061577234846 3383.281858159657
-318.3245640371391 178.4215626523984 -870.0720944942246
-908.041134019978 163.32617020222898 -1129.6481488027434
-383.69121584434924 -39.07249325055497 -171.1883929242212
-182.10292334272916 -335.07647616507865 -4.680050089311828
-142.61839970627744 -184.18718916929072 30.023832395466524
1166.528925494684 748.573028687975 -47.602522537606255
-151.62485361894966 -95.60131416433296 54.00066718770853
-242.6193442955553 -113.39221012455452 66.63910120035749
-462.85649168261693 1306.982427149747 -246.3059012264997
261.7765515526291 -331.24121634060083 255.70997178086375
-280.6790992974629 517.6824815856672 -1851.588857477066
-5.615972066196534 -197.62375688381093 447.6437177664525
699.7827736874268 -760.6701814731834 2754.766208087003
-149.59384963269912 -7.900304451696053 -422.5659089845444
-815.0562555038023 -2111.875982475543 2499.199965170344
-150.25972130872952 37.0277443254708 38.18280747132513
-420.01389429346494 34.120587682819185 -771.2451589790049
59.64820045790422 -311.5347324036655 372.1942937674767
403.395603046463 608.5192630767857 304.5063563892162
78.3184751049748 360.50403151920216 -486.69226226607134
801.2156927602675 1927.743499993639 -1771.437632694821
-47.88952627168192 -212.5408473710283 -442.660704878405
9.568079073396866 -105.19220882583849 476.93393205820223
24.5172048137816 -2.852452649326539 -341.0443727027366
-689.7174464778959 1541.026931375505 -956.6051719439315
170.68082521665625 48.33814186640554 81.9015837069389
-581.8453341334325 -2608.35833332362 -1400.6869354448118
182.24745464751132 -19.21687675368847 418.52783524912667
1296.171081685121 2969.1573236056556 950.8490860475875
-291.387175174702 322.48981127882627 -69.1331705345875
518.44774437175 -930.4590944959002 -61.107391016798054
-197.14363889982812 341.09512341444577 -202.44450664296255
256.17393917370794 172.40603946248112 540.3155391830004
-381.950631712785 -628.773068395506 168.49529114246647
3.5237243449501268 -293.1214023527204 141.3981834758371
-63.44727190804315 -165.0162183521373 -139.97264100093915
1383.160276706673 -81.24294740707926 1456.0461631644578
-696.1414957550346 579.752466787267 -815.2302727553625
-398.2589456043084 -192.83359874698166 -622.1106826540405
-1955.5419154250762 -2109.991762404675 1419.4087294938743
560.9516310512106 336.78636998087075 -381.3452661664961
1464.0619114119816 1086.0683583054206 -1806.734818063769
-347.0246143275296 372.4912954645542 186.39716938168485
351.194762554385 335.24734930049334 1247.3221077298535
-438.1012176429685 -221.35845422957397 -660.7097954091918
-303.3322057035465 -527.3107967570797 -51.380998021509875
707.1495492426324 -502.8553225282919 -608.0838828108772
392.07243404378306 346.6989154417558 -20.634249460641144
-2939.40635774686 678.0514744549973 168.96502224983763
625.2258591456356 -107.21838107163039 -300.31844262899165
-41.66513589201782 961.0996405361867 1757.1496804428825
259.16365265224937 -93.10764511931868 -293.8372705277037
662.2501304522449 280.62462760320005 -76.67972900965401
2825.5324658307773 1485.5112123251006 -347.9464633878899
294.89930206353534 -2065.871284781707 -1081.4536835307285
-3533.7088882172716 255.7511731828458 327.4872456323434
-169.8085268369384 -18.350609524543483 215.2863850228869
-742.3874914323868 41.86509612367774 -405.5617417763708
186.05677763834805 130.97012770912812 -179.17134306713413
-449.8492056135576 13.661770189671849 -1803.7533444754677
790.3104232127434 338.0744986492084 271.77801699246317
184.1256103978305 -1339.8736757837032 -184.23032250759218
60.11788332946243 366.7935115976516 624.5860457801605
-522.5281875907166 22.805737841920415 199.17264110786448
213.1490677593044 326.37897057381434 -195.0139320082401
516.6464824530336 84.33589692319079 741.80549919968
53.56966246313008 197.02041950240485 -254.44121347541486
474.25474364473115 -1160.4550038238694 1774.2452183372986
598.7157033442762 -975.594546306928 -710.1708919127235
-138.2232379680554 -257.44092160700757 338.92916875262887
-325.8528137359675 259.7547803486426 -86.71058402795023
-1309.982000041229 -154.93349483306451 -803.0004641470175
-558.4494017157612 983.9917538870831 184.78267468528614
594.9722841755919 283.62228408352007 -1237.8412085236348
-345.41245031811434 -160.4547361065574 462.7956291810648
49.94195501946934 529.414673575694 343.5391100778561
163.49140984894137 -269.7525786333539 1432.0991476371325
-251.17249650540245 -323.4525224471027 140.20198613837456
27.819966306072875 287.2304608945084 -164.6399736362168
183.65117688867207 -2366.792839381639 330.20375545880967
1354.3764184577192 409.20823751343886 -322.8612704823792
-1125.711061078077 1106.0017875947117 -968.4996077297562
1645.235324169371 629.2009955610031 515.9479045676933
-197.8391893861726 283.90692566548483 -1119.1985343908602
-624.2711013532041 -794.5792606406135 34.4342785983399
115.68707613100348 76.07145682012491 -10.146268801203936
1325.0200754055131 1434.1042007306348 419.43728505377464
-187.1318040065075 -235.4196335445713 -25.487764057919087
-518.8853063856315 -2026.8577722838409 -564.6962772670396
276.35780575680894 205.0804621072395 95.40917752626396
-279.4853697875982 256.5811728006347 221.4088514809836
1060.6502125011116 1242.2000555853656 1107.451579858932
-239.1017779131718 -308.179690444258 29.5888310625955
-580.555265868065 117.26321680393139 290.43593894210017
-1085.198163391848 -1094.2078708957536 -2076.1016753266626
166.75079205236153 -203.78177714324138 105.98088345811047
-183.19389060854562 132.00506346411478 361.5962803958809
193.12174184461074 -130.3569474631674 771.5217657003601
499.55162957990063 488.7967744768787 203.44739700373506
828.2988451152364 903.3594380829904 355.09755439436424
-316.79383155752225 -322.99635687910944 32.25223766639854
224.69621329221323 101.4367677541148 76.91773831618518
-69.64857674617808 193.74308680431517 -91.96090679809815
-665.9837409311456 -684.4143178445461 -370.10662097200725
147.0223121326553 316.8640602478389 158.93289370019176
-150.94143881681478 -44.96526774974147 -120.52506930674666
-761.7325899169393 21.908314170578105 -635.2537207213517
-101.47722868129989 -42.706718151329206 99.86620368038216
-323.6916798897441 -1264.4707842388882 -193.68464209974348
311.78142326389104 136.98541847996228 -301.34137636377216
-646.5290942135733 3175.5186706297095 1155.3742481339536
431.5166624569997 -572.1849940844916 -146.66363698185026
1502.5423662086475 -1227.1798804673515 -1807.6892982552865
169.96199656751784 213.73017705833834 401.0685046122614
-808.4464143245773 11.522866736632901 496.1709105138562
515.6964867094672 -188.85767878402868 1686.772268461442
-232.83232865775003 344.1385931211246 143.3113329524469
-951.8282987752376 1052.9715433663898 -454.801661081778
-61.31191713277487 -490.5683755952586 355.05889269612874
-199.24400750359197 109.30809353540155 208.66923886656627
303.47945473595576 -282.7048465701229 -53.235699365723285
-1086.4821212142883 235.1492616917701 -1043.376371482172
295.5531289852871 49.819754670037675 159.28256952976935
419.021759997097 -45.91970188049653 195.26332003633829
110.59881434058464 -48.09135668520772 49.78796260330418
1177.5613188787638 -2027.713772570949 -2460.6187074593213
223.98259507703023 -7.895565911972992 281.97040788861193
-1086.4581550892888 821.8939888693611 1288.0493727014189
326.709527584778 134.60340446696233 -207.88149343549688
565.1794100455147 -852.9951181033983 -99.10486633358435
7.296144103159036 278.9135726323862 16.877705210085704
1652.8733753708104 1657.3427505774835 148.1030244274459
-201.42036466058067 -687.1214965465483 -291.3205905775567
-582.4382109127193 14.652418625815809 -80.19102283282686
-1385.7499529482986 243.36822168827675 337.05527343180796
382.06715875733266 -479.2889007078656 363.41085051464023
431.06807827859024 -103.1815870278375 -422.12707829950443
146.17576474387485 328.72598477276557 673.4981667931817
-222.30186620868233 97.99154842522583 -325.3368998259911
-564.5161240442745 -256.0455838365194 -554.396079757451
768.8579479648337 -1010.603845168473 -630.1293220448601
37.68202795187727 36.65459814850505 272.626063976599
246.38978474178055 187.71389234307688 144.43920725003466
312.7373250887712 830.5048243680849 148.84991118864187
29.583225571181167 -5.013906480230495 32.043695411032886
-421.5067328537767 84.77576254518215 -158.84044734610305
-382.1796427709696 -772.6269442245318 -342.20911369014664
-724.1281551138461 -1037.5289152099767 1803.381130457546
739.5716173735275 1002.9874935165022 -2290.081703783486
-1853.2042467030758 526.3023689969439 1401.407319546417
2.77966008340947 296.82002134114543 -89.15187258710654
-297.81167679721335 -1897.3347495636508 -291.1098251737201
-36.82220632255673 -49.09693659648086 56.17565075742837
1362.322580196021 42.955281137235325 -51.08915968954546
-58.54464700846791 227.60777158048748 527.7698421714468
-20.499404980014187 562.6444237885432 -458.73233182273583
-453.92441579761544 -822.2535210040593 462.515290851339
-193.6779359876222 -437.504403768469 35.0935023798313
158.4273791807385 -271.8066814213134 51.69421564888009
1201.0285212581925 1881.7172581073064 -1119.8644802016074
-623.999400608751 -367.2547996856157 678.3241396487638
-279.23461599016395 -421.1655320145168 296.9953160223527
185.7805267580778 -424.7893293082551 133.06497928680977
38.98459621568547 -10.456306286651152 -82.82584810179523
-1174.6343203782487 -1193.4228666778945 -1379.7348376200216
802.8536608640194 1260.8667324100536 531.5801174437455
105.00553273636237 174.42251871117753 -92.76512333405883
27.823238139215476 -139.68762301272383 128.24312153262377
-670.9390919949058 -619.7242348766123 842.852391597405
378.59901102999095 248.76588155299615 -580.3961586961175
232.6189559878493 251.22564438660763 270.16655869103005
1587.283669344362 -1381.6997505466427 1476.3356300086414
-481.40935964149025 547.7036105962949 -1227.4502148320537
-677.5050299581821 1906.4483981447615 -149.13825567808573
283.4134793839404 74.64443987256334 -92.145970776629
118.44281972038176 -1191.728111466845 287.80950723162147
187.07779386822023 420.598522823022 125.66522706983879
-989.3891904805237 -840.704590685889 -360.54953856845225
209.2023249617085 646.1075937096397 37.48556667978714
209.567820792543 621.4458380537112 -197.20025467462332
1009.2599980334828 380.64132194328147 -698.7520719733876
-1044.1394800333082 -1216.8609999049222 -1346.4466712938354
-230.22006493016968 -203.87663022920378 -132.3064790066462
-330.86563098243545 494.1539535548885 2280.479868762499
82.50036463761143 727.1041497722314 -82.79849590732428
-251.15687356084192 -1095.5415768759287 -481.82961010437907
530.0938782051186 41.080252834771706 -172.4580436801646
373.49330641910876 2082.6667593325415 891.4354239864593
-213.6401923502161 -268.00383384573183 -11.102306551572545
462.45531240469865 -33.01208151492173 123.76537238523116
34.187054975173744 -583.3103792260475 -409.2955137786036
899.596421386483 -1375.850695638449 1662.5736067559283
-1005.453614949192 924.0731891663696 -1477.630052006633
-603.7944491243646 778.8296102461205 15.655343254648766
614.6192391137326 -16.836717288463866 -418.1166313094496
1016.4506673966536 -719.8171765454009 1167.1974832135893
23.52062181651023 -133.44044381913523 145.6605583750492
-315.49593160551007 72.98516789163759 -1106.6105278321393
-130.00557172531921 -338.8366369126906 232.98209446707412
-36.64938579129276 -214.9559462733452 -45.87227653030652
-48.1639158288247 1436.8742819172733 -786.1390106208602
-117.17027566352189 -513.1671244203911 5.190149632496235
-215.0085834579971 988.6984744952196 1042.872211715614
-181.1734096317246 -67.91744817703437 -298.99107863229995
415.8028872227985 -395.6511853712106 172.8354707279614
-356.5572174335274 -156.12842038895272 -410.1203921270423
-181.10377551086535 -59.72136610419679 848.9754905824213
316.5535163192017 -4.417513148403992 -398.83839683036086
50.56378132531953 -275.0103565983096 -39.09508038100711
-86.20977033900276 133.66697973093463 95.18250920109716
112.81595566208372 2055.795768111039 -891.4217107599328
-376.8192457637313 -740.0159416828067 899.5427047515418
-86.7203193370021 -1248.211518259831 487.6358115416838
-95.32128766832994 -327.97563178271645 -268.12605803576764
505.3716323363888 267.01976465837674 721.9055274700346
-28.50624016075126 -284.91566318197437 -86.37973339209155
-742.926998694973 41.80103674436912 -532.1952920599274
64.48359268251444 -164.4924378798917 -27.71061909941813
305.35667042182735 113.41388246860754 226.34134463716947
-210.50853336451542 489.6564906863802 301.6746469528338
-151.3143181704062 -476.1550783873869 -26.56639595941657
178.7696481147571 -331.0794106600955 -157.03772263267425
-1568.8226609407516 299.9547706516917 398.37383033238626
460.8692943412131 -586.3925917805786 -468.65234229964483
1370.7268155934105 877.0646370590168 407.96797581777173
1085.5836361256024 165.89662336098394 -3215.6187670571426
-563.1030523580213 -544.8002335146389 1500.031570678194
595.8007348559281 708.63717402703 1229.7834945589304
-137.5212556562906 17.042257239614997 -222.2737554462003
-1074.4542259886714 -638.5148245228537 -182.41860058424268
202.47290287766205 -22.39653529798851 -187.47032389818855
-154.8287378826088 454.9159830190389 -245.8653888138549
26.630555689426675 -64.81910696101366 -271.6023847272845
462.0147577091836 -130.723292748072 -315.2436168375467
-1128.744341237624 250.02746855879673 1223.7733227723006
-118.36320082998785 202.6966103515443 -312.50671387252765
435.7098719442925 -411.19480438426103 -341.02633269775095
1697.8145937230765 -1046.8041632209995 813.8343891543207
19.99098239379082 1017.8345745665077 -1653.6894928443128
-719.2004935361163 -162.86922344968764 464.20098494258434
-1270.0034815677143 -674.1808076379006 2338.0423107234665
679.9938370490264 65.74994324403536 -1054.739100579791
817.1845581673821 239.40570610637812 603.6287196494123
100.59632502800899 121.67571487512895 -195.76808963719074
-1608.8758859985203 235.43902341658352 -303.8066553159941
477.2626866705043 -344.0168538151202 -506.0912760792912
-709.5335051071137 1792.0279771794276 -104.67900586314016
34.92406675241384 13.808482433955279 8.017321062456547
234.89531956603957 -521.3262751324382 -158.31803417518447
554.0016498145834 999.6480751411214 327.80684676344714
-40.93814382434686 -187.1339449470427 -236.46242385583815
99.22710064451188 -451.06195691825184 -524.7879891814948
-734.7307434762038 11.936036389825434 -609.5759206403824
321.7106133310734 -88.62406021405506 -234.61138105989784
243.85493041334928 -88.72173034680635 345.897405949369
576.9185694022336 52.11824227089744 495.2312068633813
-370.984367692825 -93.05820796579044 -63.56746357768979
156.549915604106 -310.00739316192875 45.54931582156304
-169.3258342134739 -45.01826767414811 194.19449982674197
728.7689179619435 -151.1287534340368 1819.3661322896983
-59.80237354157169 -51.186258270257156 -962.9952926991681
-1772.2211143220836 -766.064326595607 1101.6412758829024
44.55645019810755 -453.61660572543377 -477.5389118104654
-1536.0029068736517 1181.3811805494179 -2496.2314282532543
142.29234687544903 -51.21793739396212 123.7910905820212
3151.0885108952516 575.4612819484488 849.0069457269667
162.9454947412012 114.51602886798936 88.22119531252326
-64.07701458048734 -115.14953153630489 9.558722171209466
1317.7633450432907 293.1572255724135 1930.3083676658046
-90.19380163895988 -35.971688274808166 13.420524843141399
-59.79113851356372 -339.6274384542516 54.82133802961975
-2049.194095018569 598.5318611303715 -856.5900893391613
156.16988576687314 -285.1316560057011 -57.114635427467775
124.70039440448365 190.17793029465446 288.89371723164646
1133.9490261681924 -976.7686274023301 -268.7227439122176
-81.15806947201798 17.68400521969359 9.075275642758145
999.6431187741406 -751.1000337667197 -233.25792021256228
-2663.0276320999537 931.4414302131446 -365.2917131391798
286.62537177960695 -106.24112972469082 -178.09615100654324
215.24816247187573 91.20893249258617 -40.55218156141765
-153.7839077119289 -122.07358448121603 469.31620019236357
78.9721475310945 188.85021152824794 -198.0038290240294
243.6153712865314 -132.8039816268435 -18.336785437633083
-251.81226008657376 182.18378416088706 -3949.6286856171564
347.4230971368611 -520.6747017386492 966.4145348445165
774.2141746732935 -1538.41647038993 2401.954772304006
-791.5763980780723 1009.5028548015574 -323.0972584294449
-964.9935987695702 816.5129367273612 490.1995658108081
-162.92302112841512 -235.78268684969493 -421.6542420350218
-1186.6563921481395 2982.715703283296 -1049.6402860881135
-23.196758779268176 -1035.3386630549076 70.0117658678097
630.787383414075 -543.7641395902002 191.3527858562422
1602.44544617551 -1903.5415270319722 -58.400719984945084
-321.6096062853973 443.92253307034633 319.06732211295645
-199.5194585714628 179.60380594510565 -48.139815006231736
-1239.1129750465818 865.9392259077135 -816.2130423637132
570.5594298134711 -423.1286229866286 445.88031436242727
857.7347957920636 -436.84866996639266 248.8448058049633
-369.50476651537997 221.48414712182867 256.9648018070027
-455.5868008913156 46.010301073224554 -290.9042750635703
1690.6636866976016 -452.67678948517147 1623.8141196854249
118.92356373067882 -54.39526448002405 -134.41392747158676
-1686.6397004409764 264.6831064650045 -954.7484446404472
-47.593097674778505 -556.776046881441 -883.0037226223751
166.7447923917485 -480.37301428716887 2034.5585530749709
448.0024769956122 138.50874414244288 -245.09575497642086
216.98911463860628 610.5363529597126 -106.07640961613957
135.69129789754567 -80.57491352143657 54.71218984311954
254.30041838586018 279.3170400060592 188.50779613238183
-657.6810072384201 22.46071685088245 -465.92903655257066
221.99207748022823 501.3511075528848 -30.78106343324531
196.31329405505267 105.34824534772427 -37.41442522479104
-19.28207261424678 -1921.3714630229929 749.026232048239
-245.19866107634547 190.45824420754514 -274.5242423204522
-359.6134252241386 -215.74105824019205 -25.98823365588381
143.54263849263876 807.058062590641 229.82833157585011
-344.02271629607117 111.736203456271 -45.208100369388205
453.97280630919056 -79.52233449915919 -465.5466560089017
225.68978841060175 336.0196176581618 -266.44048190194195
-81.85822892849454 -31.294850515078345 205.32159965449583
40.323436533182615 -208.1137648002958 13.946678897282638
71.50430909295044 -400.4520893649979 187.64733486366296
-331.4959290012312 1551.9936009964745 -873.0617566368115
144.39839259444128 -325.45899896806486 315.54456271261563
964.665147904706 -1025.763986894123 140.53631046216856
82.93707764252754 5.027664487400461 -192.37442742279387
76.23287047198814 687.4041089358914 2058.40794690985
755.4115392721866 188.3898554785114 -549.573049366338
-1474.8973908639118 -131.6825194555495 -1036.6905419477657
159.84298923294074 -178.35527437169202 -31.508085425377818
409.8304257662122 386.751293587572 366.03880638490597
338.9980308431418 -21.286739971127506 473.0370013530278
89.54391365901637 57.38117212280936 68.02872139514099
-49.09340089270253 1123.0872359399712 589.7495793727973
261.5173385666468 -299.79095482869076 -214.5890524289533
208.41487793665868 -383.0461998273139 43.37269656507329
-61.50897568606333 -508.07884470166044 219.79711097043418
-875.000768553871 -61.089513450320545 -383.2202696037263
692.7524355438669 -116.11337223787942 371.6325837136311
-693.0915404147581 64.33383400326797 -430.57794151884326
245.01010397235888 424.3357248017297 -541.0640837376889
-2082.2432992004374 -3614.809720828718 -4749.1249628430205
540.7945496399088 1132.8836908026256 2020.6488614934804
776.0887330245762 1137.197663549809 2216.7559421168476
299.4448166741443 951.9272183186727 -311.7076329954987
704.9038479859544 -440.1418172571777 1395.6112352991352
-372.08055149027996 237.5622114816777 -607.0748364835731
-1218.2642848960402 677.2864943499457 -684.7982014076418
14.063450120337407 -42.736690357795325 -0.24080288563490568
99.5872315972004 86.68572566773543 353.48926687780164
-156.647321103109 -1619.2327056516024 367.2459040703538
-212.158131939547 380.86940622944104 -199.77236610991912
-437.50918137203047 -75.03912708068307 -122.55339555918378
-1065.0392035042762 22.691059520686252 -694.5905808673176
-292.0029323542928 635.7914522493362 -260.3124286318333
2134.9635566447905 -244.79481333722788 1482.7200512906516
3147.13782035016 -316.94788255037497 -3287.6201249957967
-945.116830429044 -382.70783242115886 1788.3282956955904
-1134.5835787496228 -704.6225730245619 1331.408218783831
-157.96703021846122 290.7123388099731 -192.28377371149946
-216.0106342859228 1578.8887655924011 124.5527706467356
-127.85226443279501 -76.93000849435671 -308.7971114362818
206.38430861734136 235.6139595531255 764.8597889884855
-368.2705701375247 -220.49110785166974 74.68295087906701
-185.21155585582704 61.496879231285114 13.906233193248987
-810.8137515450262 -215.31101799032203 -682.0431936336561
-329.6671409628887 -268.90152475757026 275.5953403282408
236.41136300006877 -110.28704787578624 526.70287736096
1380.638259914222 -565.9314656564243 -1361.4637196370807
-667.9462831778826 115.26665250238806 -9.558739348672685
740.2979154261085 -191.14197360825582 255.96018836721453
-1443.7812875723396 772.2348825223847 238.02767877128503
1012.4421079915666 -155.20001706784697 243.172809969487
-172.11793517507903 -51.06182063518038 -20.474085923266983
-610.6385248873264 365.03245362458233 584.397959042291
131.97887685309277 -170.1704225941947 -0.06959507317675714
470.14889587124225 18.0311642313108 -462.8428779883777
513.3949261460086 -107.3206233809946 29.506893839082586
197.23790690285486 -234.61150291390712 -817.0197292608943
-88.50809495745898 96.06037170048366 162.60936751732694
-531.0071849191935 -580.1677737858519 99.70393166072404
123.48768958121083 -31.042430597933965 -147.20514670676107
433.7212834680367 797.1917958587392 -1148.7312231651463
-290.4117892027507 -299.50906124409477 197.72212287390332
914.2120395981169 930.5954298555262 -472.9311670651242
-726.9395253876137 -866.4177311503109 -130.5443712923343
607.5632628169813 -127.29348410066335 139.15758963661145
-486.0530849689264 -555.3726304234522 1520.7280350816254
48.68171383543426 -337.8911478197754 -274.58506361545915
-4.243828828958874 -328.86911990105546 140.99475465156974
-1356.6760604158048 322.37248221928235 -977.7443872700286
56.815379549887396 499.7713319536373 153.69741763853145
181.4777061193131 -127.01252019978921 160.9409652204105
2295.7576421236167 801.4610675891275 -169.2687819460422
-449.381109359268 -278.43135601514234 394.3734116245517
-471.75624056468524 -36.0611621854088 -150.0344274907881
1163.3119751768945 608.0080088945014 -157.02923690762785
-469.9977096933015 87.81961919209738 -64.29995642698363
-16.7355033788093 -693.2287419829196 198.27987213673458
-834.0357632558905 -164.63991647533783 179.81532693742085
1607.9625180375906 1180.3083971105928 2043.0744852880173
-429.3611997351236 -318.14864852994475 -428.35414202045536
-2245.231259180796 -763.8108639860716 -1325.7714896874888
127.15695375802248 18.306840705517118 51.080343734685556
758.2836920656977 -811.0464775019288 59.57663231812982
-12.245640639625863 -174.39514104608645 275.54695555505305
155.39120150294022 -129.99884872696651 -9.867823250491753
-1876.9755902793222 322.28387532690175 1346.8673806501565
1184.1770769340417 149.9380273805166 -932.2201527941902
149.26237579314594 653.4295154715355 -398.31195239055484
129.261000049271 41.516078737444374 -61.698982220109784
196.78272330273236 -645.3988202992247 727.0942020627903
83.86672077581173 578.287348504381 -143.94437471352907
-64.29749272340014 -710.3727382172789 -947.8785138718414
-17.592320950300863 269.12830797294106 -104.13760935765062
-145.31478862078959 161.25336645763326 286.8255890957615
-1336.635331244255 781.474763647573 404.38119649749257
-1861.5561226204604 -103.3590556052651 -636.3108194800458
3.9025220668523275 -139.70369114931466 173.99602475330911
1641.6683143364878 -160.21007614252647 335.3209387072266
-551.7283773099417 141.54263595816207 -307.6442443293854
1076.8532973609776 -865.4301867048472 -732.5524817072585
56.19728320338853 335.5154434678892 562.4763574041036
-16.745886132613734 55.384369030171406 236.57485745271163
-1298.5347127744205 -14.136669357352181 832.1995137781338
97.46885848265048 158.58966970361814 -596.4869184356265
2165.5354394991236 -139.23331984683105 402.18666451683254
-106.51872900822129 -74.75447858990533 143.06558736969487
1979.0606911701957 -2609.9408125292707 -640.1954828728045
-862.6115207835439 2303.2196228172234 871.0672615352705
-2003.780923173442 1055.6272912856864 -1013.7332234390863
868.7237711426399 -179.00609405702735 600.7268181366504
-780.9891303170675 -115.57181794977923 -1013.9690087527831
314.23273902402804 -148.682071785105 345.0230565870625
645.1197029574313 -139.39221916596438 910.787680339617
141.19882569986663 98.22634408580808 -401.94907795656
-894.3103245514064 -20.546511975549684 -256.9173918820489
30.00895024371562 155.85784457665406 64.98742756121369
-134.9276400513294 -748.9303054071013 -304.48032566053763
257.8447168779373 25.197869141077376 -122.41202936425101
92.45581857723964 -50.33886029598764 -331.9885775502028
-216.36828075123674 -103.36123185020246 576.960571110912
118.69612205165801 -3442.261200514754 -451.9521133107694
149.94294073702798 1668.1871508013824 71.65945445963575
-667.3067357226704 956.2178677920555 900.7297695473676
54.116747774079066 -85.93088094941287 518.5835489575404
265.74334487487545 979.640257447536 246.37178936347846
-471.65147156234525 121.63807719172843 -864.562488895123
2948.0219814864768 -1742.252319932025 -324.767167927835
-825.4517156692293 -46.84766112905313 -85.99669215820948
-123.55620680739688 887.9640835643767 683.0484986032803
-55.52287516362057 -277.48401170711304 105.56303577927595
152.8377849130756 34.77398822367836 -25.97165355147947
-96.08987466604098 83.27296344084512 -403.293029020608
-308.48885208881137 481.486009841216 205.73526981711464
-316.03011051119677 258.284037779227 -526.8572421081817
408.28485605531006 83.96053951273421 -10.855152718517628
-423.44243391150866 -53.85180741728811 -16.08697937271042
-1288.677720625387 3467.2879056467955 1561.2067532723881
196.44105602601618 -2462.9029056176864 -869.4866888505165
1271.3842045210208 -2318.955564615754 95.08004266758932
-350.35228849159984 423.33898221971805 -246.8032130849715
1100.5024676833643 1170.854350525452 -1176.9914340350513
-327.11566261160385 98.90901086073362 -262.2106942337769
-655.9072799696293 -20.68826054153477 56.65223977781163
367.01837498153543 19.87918896306997 -72.90798662420127
56.18632978871605 -90.30974562840343 -86.8622271504741
704.2393185242327 81.8203763289379 1023.224234725138
-418.71937009801724 188.3935958675558 -356.6824158660344
65.99599131619966 -906.5265386380117 -998.4557279339147
-2397.5959438844297 -1548.3271078451264 2702.2491094626325
449.4113128017966 1932.7519507855625 -198.45727142481405
1730.8701917019823 385.34438083966967 -2533.0214535141695
-174.4800701974997 61.42040508185684 109.44484210274568
-2182.730255837406 -1968.876425133884 -14.320755070532691
160.8418357396459 82.38678871553914 655.0460595008362
-705.4074186053045 1227.0372223766233 -1111.01815899518
-117.75098767101264 -39.14535645128696 220.31913373302012
85.42042245249168 -1270.4717319887045 1975.4925766937815
49.51963726796881 221.21384966149947 -157.45980460382032
-39.580189492064854 388.4297801369891 -180.2641113094821
-1.8636869553766922 17.041556802137695 -300.7829152381386
97.7953978157711 -701.298728805635 -1730.0490003064942
452.81027788369636 779.2241248258812 574.2778515373335
512.5504714057311 271.7255913883411 317.5482590683383
-436.57713884336727 -282.5117195469983 300.1857798788016
-73.38368004082429 -352.08390213684663 120.753155439092
64.40794238051113 134.85336569370475 117.20588421829318
157.80623011643587 144.23039680026102 23.12947024460718
989.4137094230127 595.7617434114053 438.85765120585353
-169.97297961543302 -1110.5996650758225 12.31687149724892
1092.0564057602487 810.6722204332614 307.7701949833528
-138.50458866593985 359.9990123912911 14.106215965142471
1430.2268278239774 227.3375196532577 98.34901796217243
-392.8652983339948 110.51171197930172 -559.1664217755367
-491.43002731315335 1.6781117605486635 59.66510279569617
23.111529455865057 7.902287731993857 152.80219040822442
112.14514140073713 38.91678728716537 -160.81785448298638
-180.45751879599715 809.8997291832083 -535.6323073857068
363.1550925078786 360.3560588728064 -139.5601948861543
78.34966551546661 155.14307094542878 155.98257147098795
422.25279152134425 -1403.0920773616579 1214.1908524442529
-290.4999154189823 -95.5887006993456 90.01047000965134
-9.547406230745453 -12.187765781446707 -382.3346230665081
-507.83879933552583 651.7936080223292 -462.09624472458796
518.8612558865844 -127.94584907863036 -145.56164242128636
-492.51663530233435 -360.33423961549573 -81.5556632006896
-781.1424747097564 -763.056007746264 -765.8428191196191
112.3854821368879 82.33920696484246 541.2840448866243
484.7484971341447 69.5094807739889 355.6798500714572
91.03238934603355 646.8967689708903 -133.3536898227986
-2165.8356160028475 -2115.3013310015285 236.89852785671872
767.0546149065323 1307.9068618730373 157.62882878668242
973.5880426961202 235.199529396102 -1237.3769412880447
94.10448906824023 -17.26148613435499 -48.894880187674566
-101.65117388544176 893.7041291555053 1548.822386087069
-321.8525743341878 26.062264918159276 150.05750481273657
-545.1489419862044 -16.773285148348396 642.5691624849665
-63.81266307135925 -250.69851971599627 -981.8288991412779
-17.551923330204023 -1623.3074270151264 1067.0886224083938
91.58052578021062 277.7759720610121 -64.51252750207247
-136.7865638756406 645.5303226660486 -227.86399513030022
-269.1068991088331 94.88544875632743 -123.73002542482804
-599.8403384796123 601.7685650105178 -361.3698077516644
-23.057479966846532 -25.688017760076054 122.0966302013477
-519.8418755429112 311.3650848773329 24.736164519176114
666.4629801437981 19.27892197954213 931.4554442724236
452.0971632036765 -193.18759781086064 -286.9281626695222
384.7931909033906 -99.47916506077854 -480.3839056803264
5.039678798412157 -256.59472479025476 -107.27489038758227
-162.72509509659955 657.1985212587056 -866.6767565377008
-168.19935985596248 -111.69568664465602 75.67911362600051
615.6187341052223 -2625.997680378928 -202.44810471162538
-376.55378215726427 382.81127228367905 -106.16196842126342
1485.3665085636824 78.86304344189674 -1335.8528194641185
-110.79871356145549 119.90127779388239 453.4750204716783
-168.01364057233124 639.4353837371351 1017.7512612711432
-604.6409053647524 637.7589859869544 221.91579155334767
40.083303995497026 29.74644812923997 307.1234846977847
0.5405620966401266 -1257.2010283390296 -909.5156563435273
-989.4493024837888 463.06517000246095 -37.550929647275524
241.59912818894327 -290.68654323438204 23.330450538535416
336.1634615713076 -447.82763794294243 -955.9702471742936
-286.04464627600885 536.9878370623971 585.4988472733808
-515.507394821644 1007.9014817141136 759.7296366974344
1689.0931417816275 161.59178196105577 948.7555693909998
-670.9078981199135 -617.9552052821417 -864.1599200248943
-599.5268957831556 -296.4430365128865 284.48897555540117
