-569.2391977458435 2690.7515842574153 1627.560310998907
121.0865795294084 -217.5094591324014 282.9457733680027
-4.578847038782982 -496.62298821698886 -395.087424539975
292.8476371088379 -260.3625146616134 -131.92287056143033
-834.0088070474216 -1248.9356828849761 -889.2143881936701
197.02896662253784 -218.3325574786441 -90.61618110185977
26.44882765328656 327.4248389897958 254.78291385763023
879.85083460018 -675.305122713168 -2636.429510825309
84.97998954214661 220.99993450153573 1692.1301689659697
-958.3716176167972 -478.3428383423336 1489.3959793884999
-132.32722408943133 83.25080148952632 214.07785278390455
1252.9864425716542 -1043.771175873079 -1658.8433857008285
-80.58830788905618 -97.57982659951064 -32.71220295395932
521.1448956422786 1647.9057013209745 646.9149102729475
234.68380612957563 310.93825624008895 -273.6427129022714
-165.99105158821126 -177.9391625226222 139.50409279964356
-386.65375848022046 -1739.1241362676847 827.6446763594473
153.38825121812255 505.3870756013288 -512.7683307182275
358.85822401859235 45.4854233627132 158.73823092100548
35.011315745444755 -1208.9202425634892 975.9036902803571
246.160297154354 367.22803689598055 -156.07313934882947
-413.280318998904 726.3144319458827 -1621.873629866001
1065.5774523932394 -716.5024476249047 1018.790363208082
312.85175614889806 -358.2222745367347 356.42177776253294
-2399.122862480339 1139.6586868550282 -619.8201850052247
-23.813282787386708 -63.33091073777306 -173.20927496566847
1276.914068221558 817.7074921827713 -989.3194921879739
43.59765204420252 48.85044999683145 -272.85478171275577
467.31581444634236 -1678.7521101884558 39.42322009762806
80.71813755781974 160.1227699756705 408.269233458175
-1109.1853805200751 1757.1817267493273 508.80200743047146
-258.3945067363312 -694.1796852469301 -750.3644948988976
73.71599960766454 250.4570505544305 1714.5801408605787
-330.00568166450563 1435.2581163577674 -444.9200102148533
-162.44964070642146 -450.25562505142904 -248.66956067251888
-405.2318246677742 -866.0882534511296 -783.1177832370538
-112.03196189491676 56.942631512801206 58.17809651104085
-449.8977416607317 97.43290946418456 50.64162514806911
-25.225431076110773 149.70337765314946 59.42291776108962
76.9597046379808 335.8406415606794 104.97863927862899
585.2425822616892 47.950317360760664 255.94008743851583
24.75705388347518 -321.1427041194239 277.6468071114654
571.1271252907585 9.235740562904308 1834.33971147099
388.10752362333244 407.8530959511749 -186.91798855685528
-406.3559296032566 -746.6744033943837 -1831.9850731699298
-474.06879087133785 -7.716199282659169 -64.09497671921343
416.9968580970561 538.7086540431878 -117.78227772119747
-170.71421868728712 251.4661400824579 346.09604238663553
361.5202337518425 566.6429525221232 -104.65354083695387
-752.325086697154 -51.0581621891731 32.85070420651362
-141.39761172251158 290.04138484124604 -163.5045565177449
391.2679562624453 -340.6072294027791 84.97417554877767
330.0426611334777 110.96963164959946 153.9972195042352
-454.3636689243566 23.625505925349593 -85.44885762775115
367.6452048359701 56.4401897034545 346.5861643714987
-56.485106351567055 49.94905072887997 164.6976957962384
123.89139672973094 -1484.3001593338279 -1093.8633008038294
-318.3624447421678 -314.9123854016521 750.8907553820345
853.1977807746792 2232.486802746128 165.1699296313384
-133.4907321629123 -648.7589468529051 -116.46080725535919
-1574.7260106713172 -2104.928142070732 92.15387286685862
101.00288541521576 833.844723682552 178.7891810903728
481.4611719321046 -1653.0049478131073 336.16211100884954
269.39711860777464 42.119292718400885 -149.28389216867262
-377.3848319633484 754.6888436034247 -639.3052849871158
-1019.5837964746057 938.9690400630617 303.94046229655623
201.4640226882888 134.99134118897706 415.71859980164305
409.28829992249433 -314.8400173424016 -32.75263619507082
1014.2094401315677 990.5391198657188 -891.8818248417919
-90.25595548506112 -538.9133408408441 158.06932205795562
-144.76198393289272 -414.12417975814196 479.8938567406105
615.3314619870428 1211.2960301747128 -333.87896184134496
-416.60091723224997 -396.63237735632856 -596.949253619583
-111.13294799918232 770.6898041284501 -462.99424380313246
-173.5743060853812 -180.33476326564323 147.48763389854972
1042.7846483919882 -2723.9413401025104 1987.8057560122725
-180.35136055679263 155.61035498882944 -324.478416111288
-971.5413587294795 463.26798609347554 -1746.5904197285283
145.6715242467179 -212.26594324201548 130.76373242145755
65.87422594972448 389.5571080725501 -90.67647782837781
1658.6998831785538 508.83379820254754 -753.5394888303904
-1019.3257981105128 -410.372711766427 783.7790673062182
427.19289089276117 -1655.208094739749 332.388233622601
-453.95562173933837 89.808274135763 -165.36388920040244
318.4843667685479 218.15023744697055 -140.20526087532406
-1086.3710246498322 128.19080374954626 344.98268637190347
712.6878206029302 1354.065723104352 -119.59737553114566
-156.28106179540563 162.2529709367334 331.4432922543849
-288.8702357115836 -108.89458938113613 90.56877806495073
-31.666951832601697 -331.26555048965406 93.65555660870805
553.8500395947462 608.8944354790154 -1399.5616329889242
-161.48824331740028 23.806022132095887 692.0925842852768
225.64214381408172 -373.432028554605 178.6145147120952
199.0166281513724 582.4047772699225 298.6630961042038
-602.418333374778 -567.1403968038021 -582.6280492948414
-24.5531959867155 -215.01931416010567 -38.63321146363871
-309.60773613342593 1048.7870207511794 756.0252948427112
384.5177856907547 -434.30431590955504 -295.34181178282336
170.50083999862062 -21.540251899370197 139.58332441609465
1399.8507270195316 -165.94119450932843 -374.9843733386197
-235.13542454318957 308.25693714390644 513.0591492966284
-355.87179522833503 -472.4981209152341 367.0410141321288
-1140.7994209057501 1491.9837542920327 -2273.1549943818577
-766.3974174093815 -1008.6564387675356 1526.047608291737
982.9097554174069 32.64075950072684 44.255341898607085
-212.44280087341053 160.0511624922386 82.37949231169506
124.08218432728857 -110.65974856574186 420.1996094123441
1665.51848397212 -727.7264289237673 85.42776054352939
-101.82729339520644 -17.659776826918083 167.6267179961223
-1675.7140824236567 2310.12489571993 -2016.4448682282193
47.42480066927341 253.77023311902525 465.4983651598643
1024.37032213258 -927.1618786311044 900.8433585821688
132.13594670526416 -198.36571289165855 204.5878003350892
264.9546904169217 152.98115332981936 50.8518727767615
-32.28478848199465 748.3536658067175 456.1778424833259
181.48082514132625 -54.14572922453642 -9.921186731684083
-783.2777198876107 439.35010730017933 -706.4563583953379
399.85902844736864 -1198.733699273832 -145.55755847845433
26.898965000849188 -301.34977629145806 -49.215492294106745
-264.5686645084797 -18.04173670966233 159.19764194633785
-503.5576549380673 465.5645942577987 288.12036782570294
-278.2349350902548 -649.087000690438 236.2565188072328
-380.176288755801 580.4927705873081 -631.3168915142763
251.32680753632823 1182.9004627784266 308.6998553425735
-35.82563680502456 -383.49038130349436 -312.67443233055934
343.4622157779163 -603.524713050456 529.9155602471631
274.32759301580256 31.013501227248007 0.8637249859021482
-457.59491670495106 -1438.9100420023187 214.43047382257228
797.599898096635 631.1816568842788 -715.3213667283773
33.827241283920294 -284.68528240567343 1276.102387475444
-344.8238714882219 -387.97847591157193 -0.9140231533048051
-110.52879349609648 118.19112898095729 683.9891485436004
199.7089287665601 -606.1672839342094 453.4158005121311
1309.71863797771 561.0576409884313 -778.6832797065259
-72.6800179441422 217.15994730739922 -139.8906576375815
-117.75199608233129 -21.206492601596395 230.43910656875158
-454.7046942578931 602.2402332281367 -1020.2730313316472
-718.6022564023924 509.5979467710474 -1256.830532228642
835.1083910019573 -508.6402822322729 626.8426682437088
-13.366853786134941 10.110106934975894 -75.95558619401703
-238.74263512109522 588.4615631137905 -260.79520028835907
-325.15397714518593 269.5436228504249 835.1946693150215
243.25955065297148 -1346.3157945318965 1065.2864259955174
381.0497011703299 38.930592719594465 191.45758290088554
310.6591683376232 -2049.0595144113454 -239.0003999035288
-502.33005462894505 801.0899766712843 -1295.7315525865433
-572.7748694594167 1234.278732802406 -998.5927569590116
-320.0271551336274 384.7955662538859 125.4629080556946
-1119.0463090543037 -569.3813066919703 2811.8190600224943
237.7374175853452 317.5230038870045 -680.7156694502157
1274.0178518607474 -1564.88643271854 612.2574951698708
-261.06942564703024 259.1764653738829 -111.80094022857865
-72.2961153506532 178.98396882253923 -231.33607737013278
66.35781673057656 557.635418993878 -1443.3339221779208
30.62855113113171 18.4863662406256 11.770258632133437
-197.3958153779143 183.27625757990018 325.23750859963366
-1575.870367568241 -807.2368316323307 -490.12029182969695
198.26059458430984 176.41340183597544 89.60060448481013
-308.54326183370495 514.591530719864 -67.65389062744518
432.0891307598507 -73.56552421805837 197.0432214231388
234.8126643789362 -348.7113629109592 515.8033128150896
375.9111780554819 803.923870624178 -118.05105690337132
-1000.5315822299833 154.73098342890444 -267.0822116271554
-93.63167790211456 113.88648470971675 27.684662109840946
736.8220762663879 -28.451502692659552 91.7123154042555
537.4224853239904 50.16725219878059 165.6586514578645
157.63062016985384 -351.855424519538 126.57328737613601
-114.34809553071247 -146.99944067171916 -150.1204054930829
325.67919859954884 827.5124986759783 -1595.7768441573776
-475.23057454841233 -290.7882803814468 679.0218772495319
156.33345878001725 198.67075054938448 -65.16183535744086
90.86742630928829 35.1781699916426 188.7258917882479
-619.9081150551876 -1165.8801220962196 -1438.9757062586543
347.3258999455559 252.10867986715272 -40.53024517098691
1986.776831783033 2352.6418781213897 589.8610453180781
-78.18199872402825 -269.3881422259799 270.5090313264401
-94.83912748588735 -207.67807113134907 -261.49320248182215
-714.7148840763043 1023.7945054918117 784.6942189680832
-228.02694069982638 -338.53508697053746 -74.37751079801895
-306.0736989198222 -314.2080355645899 -776.5110933171419
-186.97052733430687 -2738.3212206754265 -195.94672780522927
290.0048489456104 199.3202105434052 120.95935780670979
-120.53976972567781 1429.6473014149917 339.2518041415911
1454.8142786600445 -1563.093179855093 1628.693241974716
-785.5043288827607 223.68689773996584 350.03579893016393
-1337.704846958871 714.545053859972 -1855.791241488698
116.09987792839691 -342.380510472157 164.27825015197877
2039.7994718844914 1317.1489697771542 2750.9713736949634
34.98593244449307 -35.993817851603545 -53.596888815585224
-1510.3682539459226 -1.2478575327385135 -939.9575664343784
185.13134623447792 -168.81214186518108 232.43936239034747
591.6206360143804 -164.83372940341027 239.91503160124157
-1224.5541974837956 1347.202086679198 -890.6196766239846
492.32642035887017 -600.2659028401812 -118.16712244409774
57.52552405794481 -256.092505914199 313.78008013962796
1407.9330231476265 -79.59392783480688 1800.9697343905978
-250.6662047766352 97.98591304349233 -528.81069285185
-652.0242168719423 -89.0699717116778 -913.2331801624484
793.4877247398557 -1414.4704484723497 -2081.906379371543
-554.5743540730004 407.52151111875634 540.0361779165123
-2458.8414894024463 -170.68433429358055 -699.9858826234092
461.59710503915977 20.67646089323938 348.34162395455695
631.3603260147104 97.39916366108557 2239.935082622863
-61.24403290061189 -56.630068596975214 -22.23697580560951
701.2491456211185 144.39219131572227 -1529.5689214101842
175.1941356426107 200.18348276381957 437.06552043900996
-71.3180788824418 -299.2145144217281 325.80415657321225
-932.3813931145492 976.5959600105926 -380.0758572171334
-241.35466660464434 107.89155279615251 292.1381459242397
966.511045524192 -1740.6987920184147 392.78669220171315
-151.507924994748 989.359688142077 -20.768172310426507
-211.8761005433237 33.6648174627232 -428.02978018617074
258.5184525745749 151.17885777304107 237.4913429384075
368.03040466907856 448.165446649502 141.5458019818856
209.54024206325266 -430.6892382100737 -350.2613487685217
-479.4379280131808 -45.40167552590537 109.94675408937742
254.77739599131496 -171.74814208575077 160.05015988186403
-865.6838009364154 -1984.5714436844557 -2372.164499838631
747.0617039835765 808.8894231120198 1523.6403848086632
-444.819388938011 608.9818611716819 229.83193190554118
56.87033769302139 -353.2515786186678 197.90457018290476
203.6911017826978 489.8490678037051 -874.3485429295031
-354.10147681840067 -310.4948746908582 303.85187766001826
-357.4895891025996 -853.7490775601224 1511.6564135610972
-187.16118398664253 -111.48085719787329 265.6318743706634
-905.3663701984824 156.3955893030494 -296.64615536052554
2132.720378051427 763.7502408913058 494.4536418170249
166.63079097166792 -302.22552123215036 -649.440255803649
-241.08246736376051 424.4708747329767 -188.6808643100924
-520.2302533557189 1363.7676644525718 -109.34371864389234
-16.778351226213456 -291.29788308629725 72.8362625826725
-70.21380003758486 -530.4165211592122 -20.049439526915087
1083.9364009968306 -1273.532489026907 577.0167664435834
266.8164909851281 -85.31906074201113 258.89278521565984
104.23443864940052 204.15788496111784 -87.9172725132071
-1220.614263685123 261.69522183297033 -525.8014127126143
32.788040364993144 251.92605602309158 -420.6404678385624
-144.5544281333306 106.7839469205657 48.9202093113495
53.731644199545684 97.36895634469666 -260.6700249082257
-587.5919303897219 706.0464554248921 -130.61569496433725
971.318821465832 -110.95837388765807 115.24527657971035
1578.0334106676723 -32.238530391663474 -2136.8600840415497
-75.69993144957415 61.95277288789448 214.71807862854203
-1879.3361001281007 522.0168366013045 792.9701262687464
-171.29465618439784 93.2981477147054 125.98186973754477
-92.46677360490202 25.429209818303953 123.20875808005546
356.4292765541535 222.29167064104251 -107.41886908194927
142.87657723599108 -130.95808195543506 -328.5096068060232
-858.211147772128 -508.5966930657262 783.0406347319407
252.27790357021448 147.79389567152086 -94.62392617368026
695.6933574035626 335.69442316807397 -238.22554325360565
-1141.1435920694205 -690.2392134290164 1442.793284465489
1352.0202355819606 425.1183101102338 -1807.6941780136594
-98.1250230516683 84.65675167179675 183.2876834171434
1241.540433427084 -1399.9970726853055 62.012953294100065
-363.71955913589636 822.7752989474227 -385.04473778197286
-1054.8140284592266 139.62335713458674 -55.181058223478686
77.77879718378243 -119.06822314335493 105.90026773904759
490.4553946166113 1813.09709465019 1004.3680399451778
57.17395033931253 -294.3035790447903 121.70811124344019
757.8026519395304 -444.44548037735115 -773.4737561142919
-83.07836958461047 -359.7735028403004 20.40667656287657
-290.8783303791984 -110.54151945987579 -257.69433421259436
-70.87177905839718 542.5606604109183 1422.3527457065265
1089.3935886839631 1304.393773853063 395.74676240974026
227.23244901733486 -441.4069773311709 -174.15150719499508
-962.0225329617085 -1492.0818267369038 -1181.4880864851605
116.80376522856041 173.26596559462968 -99.2104398166067
595.2595135385476 -565.6950891248969 -177.28703040417807
692.1346692034358 282.1652348390263 -201.17225852039417
-616.6621581920767 -296.5499441354382 490.4876437247061
-39.17215941017056 59.61147927544852 -711.4952612500756
-1097.0049451715856 622.6679382899147 1275.1663314477044
-114.74980445323503 154.25311395886965 -188.64595136736892
950.7127243975281 -1721.2506126132591 698.5587577099744
-700.4533112286978 827.3426631652892 -629.908352166699
-1493.3490047054213 622.0385285549199 -1491.276728896973
51.459371848012616 -319.1537157287106 224.0026970154627
1234.373602947525 167.28810812488268 1739.9433457356213
138.67187132882555 -169.4525881860239 69.44080169070641
147.7290592745835 984.4173236280358 -712.4756450556737
95.70786215965755 60.9866404658156 -119.367802657203
-49.77379231431027 -85.6806368465499 -62.07418370443202
-1369.6159739088964 -2093.3427020272 1548.7421941158805
-197.81621219172658 819.810799939017 166.98344588489383
990.6556422242761 -254.20813063104282 -1172.1633255166437
197.8200033793725 -149.46467042228966 -40.28257050145686
-5.464827814897397 118.68553320289756 -124.541485665723
-240.20878604143823 303.86420894349743 386.5047650490998
1118.1264246296141 975.2399784252917 567.8396628445885
-541.8401031746102 126.92146800835508 -471.42698425309527
-432.2610526918611 -560.4604277918337 12.184705848197604
-121.76165525122697 -128.23754379007946 -717.2302663090968
-1655.7184626162648 65.82326613956678 -2557.5563902360673
556.0319124360698 -400.3833079226608 1538.3486606599338
89.61593823564341 127.93135862320895 -1146.8863020786043
567.3597012896853 540.8146829198172 334.71048172593345
-2081.031730228951 894.1645278261956 2916.051355581191
-466.9036856581322 -415.3539679165534 -151.56280107954137
855.1275455787503 691.8356552152184 300.13751392066735
-223.44638114665713 -111.82540626609249 -80.34865015173737
432.52557547222676 57.315082011072484 -175.1011496227656
-416.22894094602583 -1062.3400116973232 -106.3858186990839
285.42400640642245 -216.33028194440683 310.05928221361086
82.40605546645133 204.655506549448 115.13728465987519
-760.8748090698648 185.21913727772784 269.8445849928693
172.1772251496917 193.4042760796424 215.39634356815282
-100.65024076617887 -766.9590189878043 -502.07998883155994
251.78074104428705 -144.1216032177673 -1018.6301256308949
241.62727927570216 -138.45241810083368 -2.437998059598667
136.9151906750578 606.9023423688934 612.7316208474133
-420.17632472874106 -250.3362170581102 96.98645989481895
205.65927580753333 117.11492104100033 -319.12844797783106
197.09762270984749 93.92828571211994 254.6997567785615
-234.8226782853684 557.8721277114 54.20342890909181
2105.042334089212 -953.4483711716468 20.034430526884947
-42.67431289309517 6.174491985197677 -48.09276424193318
-329.0410877222509 48.23839388962829 -1877.3788539357322
106.05743800301819 -203.42529755103465 134.48124645187534
1096.0803235083604 -393.43200182136184 -716.6170553992184
147.24499912918273 -7.752245411336563 42.642705587169544
-1051.1328279990141 874.8446879067114 856.8422936978045
202.09503603951424 -10.283150603884007 -49.842979149275266
-276.3006662308353 148.12712101817723 -240.78546700508548
-795.2240569826962 1315.466524067613 -1123.4082012699698
384.31523559652027 -459.4994581026277 70.62068615238299
259.0037535760052 -161.8633536115857 -106.25435762202213
832.9479975466228 1725.512059442002 -830.8896887570193
340.3402485920666 -332.9996480836304 314.8676506517435
332.63906607916283 -656.8770826885886 612.8393738889694
-1148.4582146856858 -1781.6823274659032 -705.7830606340793
445.3284020022951 183.0943133464637 -38.82904492021749
14.76074253887524 33.26089909376443 191.76148484538297
317.6948629362022 -645.9376200528508 730.836654747927
-278.34275931836527 66.92985212700215 294.2175631419814
-476.55065949604693 217.9873933869847 -184.51356942765554
370.32002894720154 333.20568112355653 38.12007604096409
-386.30731905109934 -14.856112030125505 3102.5898045433282
856.4844967539387 458.2871808672456 -1496.711385500508
-555.097954902273 265.4221328454712 530.4692511223884
-312.9594740021728 -548.6431650618482 -13.791179739626896
990.2084189623772 -14.528978088318715 -1272.2819334428764
-96.60761438109317 511.8327057794342 -254.50886482277886
74.92100511974988 -1007.1132763379377 480.97714129661347
-315.60959932062775 -228.96198276728447 -59.1306043214134
-75.0159136106039 703.8670191590218 -241.92063678209163
14.849438699441114 15.531208636992343 -80.98116434609524
-50.51342852136998 -316.0541533319328 4.789726702772311
-16.457895188252078 -57.11875492087618 604.5295172621335
-64.81437187317655 -585.1397542700801 -1188.6003994337905
149.58890706010902 269.77746871663527 1068.2375417612984
392.8331513800711 -239.85565709594988 283.4630764503571
1047.097103280696 -924.576788580882 3082.896133568694
-1013.2624770200212 -358.60214412243806 -2727.4627540911933
-1214.2982914261258 2077.598584846719 -370.6652457832629
141.69062550955428 -427.3425650915984 100.8484666728294
-606.3935325961774 -426.0289241854602 -623.2688741048094
373.97340349916044 -178.3217792033215 378.97421406567736
-42.02561071125376 55.74172041665459 -14.773331545981883
2184.9224993233297 846.1825510882022 720.6228282365113
-1353.6646087272147 -74.34073557205643 -1210.010552568249
9.292272851551253 -349.65173388239657 -212.90506396653996
128.78749187490945 388.948508315365 293.3207607635414
66.53363382166859 -386.43160561764194 1807.4559586226594
283.5847018752493 -167.55629343423317 -245.13755272988365
-1692.744247438484 193.84921210150438 -1211.6831292059057
16.366351374854297 72.11192685557207 36.03037591238354
797.9813118269594 -62.75527485299862 1028.8865519132014
-608.2169998686567 101.36078843863312 161.33335201151127
69.18626414710234 -160.47030844021842 46.04926656224057
483.68667328089526 19.97878238518462 -719.880513180169
146.16651468521758 246.02573594583887 -90.36870668845756
-44.978034591264745 -120.59133240568053 35.06344281554053
-256.3126719740308 53.7945377094059 -57.94193151990276
833.15353624769 -1722.037709271181 824.5262834523465
-340.454971595702 313.56936845330483 -672.7683389115525
-243.3615301252443 676.7702697093202 165.25423694278888
-165.122149627709 223.69023324279524 -340.6477141782858
1007.6172874108088 -921.3466098620089 -1088.2718351518595
67.53737077104955 416.35272234177233 425.4300336079665
-442.62486402607095 239.80593019840123 441.90286540530445
165.47926602793248 261.17851049210526 -323.93672447336604
-1099.5880506081273 125.29747429071537 884.1204294012692
43.56244831768086 -849.7401712002709 257.2938695167483
-1454.7495889009176 -322.9747558546361 -3574.1730500175204
200.2134719058291 26.643900385734298 155.83537144914962
232.00132090139664 1169.8843065478359 -323.15797601159653
161.98873698738902 51.12925249327445 10.592593272646589
127.20111629104403 -340.06175174927466 21.611770044540147
79.61793095402034 -114.6567721216059 196.79106665320373
1412.8975182446977 -15.415787667355222 2010.0366233439977
-375.6864118004763 71.70926893464794 -148.90059901659606
444.626700086222 1088.4225118799257 906.615139938032
-1022.6519371603264 -234.16823327564381 239.90723284805483
1266.4295863672062 -78.5761800026795 -464.6619811607986
-175.4956377680264 -320.75913381054306 79.76649633488775
322.1341374939771 975.1475130716206 -1086.5653667977542
-20.670399678044035 62.27823372386326 61.84436891402792
-480.2944137440697 -1354.9233791741003 36.19011387878252
-1.0705620725685543 190.30426306100938 313.43504573375543
396.588988055626 249.3069368197121 195.99434039562803
-1636.4562713038488 990.1858577654556 -841.3167502776109
810.2064704403255 -323.04720239307477 327.5039598563699
718.1205752832507 -105.98439734109937 852.6293078304002
-122.07853949342628 -8.080238032905731 -215.43626276705163
135.3110688535927 33.30425563881157 -72.73218101068362
-3507.535267314139 -203.12697727023658 -549.0537328931971
873.8461789235569 -186.17323224752792 81.22378858017841
1549.0137443653005 -7.844458308189001 -370.2885175778635
73.85858423436912 -109.23996776429868 111.65575103259788
314.60977020474627 347.9559937724711 2064.064933007495
39.30965212540311 -54.03813052155976 -874.8893692682599
-754.8645685325728 535.5544669749614 15.55806629759907
276.8833123820113 -273.6541015135695 -182.2699416481957
57.453104773320725 -175.6884565432328 80.80941906627864
133.59958654837348 105.68487290735212 571.6572117563861
-30.789922389253793 -126.96249624259244 104.36527216707299
-219.5292988084955 165.93678461607976 105.71210688211558
523.8351276766848 -891.3288003481391 -1386.7382024152753
58.68605831179323 224.47714370103066 323.52156578468015
-69.13594862545975 150.84267390487253 197.94311338871267
-364.07814005210264 490.54968229991846 326.1120176012419
-1026.6380216450405 -860.0600054145465 105.87745065223923
610.0779513415723 -318.40238578603584 -576.3092413851643
845.6171577519009 1216.7968297486545 181.08690087665676
-60.407492287575046 -185.56022969287926 -437.3899683769803
1879.0792707795217 -1571.4634725201106 1191.1428088376872
-240.4460653736859 111.65606845518916 -206.89148649455723
245.11622451752297 -212.23111057227499 462.45294977898
-188.01382640767034 -18.97417316474795 80.33847887465208
-261.26045036496424 207.70770018691834 -56.41194999543886
-1064.418383480227 1267.7752861045033 -1740.4400454885613
507.21032246743397 -21.727084830701354 -22.252625814790196
-23.40175544109184 -307.8519235973634 576.6449046823501
-397.3717104838186 -554.7460501114323 2477.402818868561
333.0429754189394 51.308208616452696 -2225.208845540568
-4.040727265836572 -49.42985908567849 -198.56661363403455
-1595.2866173496934 718.4729358220466 -658.8350022410143
35.028769622571396 -726.1482480171908 -551.581559282026
962.0881670521472 410.6276185120273 347.5564936212001
-90.27049500194272 117.12400945612697 -18.480855155595467
12.193021852056955 1667.2023812730972 929.6571471965893
49.05535270344672 8.241241198127888 341.69498173770023
-778.824159345954 -309.7726491273135 660.2497877741207
223.0924097093423 43.89186590113008 -283.31198927279434
919.8949917963616 -1069.5221639301915 409.69223569271816
32.63267975628622 298.4609703977947 -753.2899205802725
-760.2990091913849 379.86111141261796 -306.0741797692823
-378.9930585650111 39.549670358610555 -75.80732375632539
377.86802623426826 787.5340533314402 -569.5352750492933
120.5368147977986 -65.3425587278357 691.9929323369937
-209.6207054425064 306.4586580803618 232.18402119505626
131.772535691112 -291.4080311213737 -350.95726572237396
147.32071767132118 87.8413086226634 33.904136197838085
-37.53690850108247 41.88456543541468 -234.06621612032228
-259.1473111315266 -301.0496400156798 106.78266025700408
-757.7071637107974 -388.9508816330476 -25.022802578843056
716.3623051153563 -996.9263012645994 -926.5945450557554
-49.344393153813854 -380.5745791247682 -670.6982764463268
231.80488861247125 -318.54388591992614 -149.7194406713678
-1758.6969832141854 -528.1175791359524 1694.3334564550187
106.78183361711744 72.37425885851307 63.558666755728794
392.6203864559348 698.8178342072017 -1582.8219073646885
-302.11730376220004 129.54144934271346 -391.1858606750943
145.45547874660568 241.55746222021764 94.859119121211
622.9921083228812 -1506.8943296020848 758.0834231063086
-93.35856630067624 -86.68847858020264 42.564562906994134
-203.22859537621284 410.33452401277225 -167.49594889230136
-757.9832874809711 -10.06075713162112 766.0923093264306
433.8359354685384 205.9524324093476 244.34418668050378
-75.60952703882714 250.12413684275518 115.47985276982155
1351.689351227456 2015.1770335615756 -3316.5519639206573
-28.601942165948348 -395.23716870707676 376.9457645495724
436.87926655408955 -1809.2769334833733 403.516645831939
-340.0330359208937 -590.9455323588635 2780.1803494581773
222.12540213496186 -32.77006225022939 -197.02300399801288
-348.90521813649366 349.8461839331059 -222.74057647993644
-841.8324930736067 138.49383611690433 668.6619420296794
-39.72426477028935 337.4435541427409 -515.3207222360548
-76.2977439937268 -47.93332602841355 6.36088513678286
2007.713463116913 -767.7832013702769 1190.9756204491493
-917.2412498668501 2141.5019210582745 357.7119796823198
-18.324835774935682 -1079.0319548751784 -1697.0813969301896
-130.20063705643696 26.84797109766646 -199.56377771909234
830.1299305384326 653.5135014126054 2150.7543790635314
-132.05670026271522 238.46630000015028 -392.0943616772046
871.1045059616431 -1257.4361996701844 -1459.7353374285926
-473.5416247531779 118.70232953238265 -273.55900695232447
-388.1004455634802 -27.67111816629676 -423.24511259253524
-86.82543853369692 128.16214994262245 629.1009170133605
742.6754853667398 332.63151710503547 435.5551390262917
-96.21581017929994 3.8026605772175732 -702.9295937801154
218.68132446138415 1032.1851231305743 879.0454481366803
-461.0382581795688 -189.29356413071602 216.92380593697365
364.8882890253807 166.8244515096314 -55.16629087010523
-588.3854394149794 -943.1430986552093 142.87641031404357
-137.7610000360448 85.66002034697475 -20.920095469517232
-314.4978501836541 -127.4474921694451 -50.72520569065342
4.805872383128612 185.8022662643797 50.07381086677121
-664.1603579783613 -750.7993768033415 319.69059098484996
259.3276838575749 373.7959429634706 -563.2242554777685
-394.68137193195133 786.3467460732678 -1360.0258546274583
-429.15426107289636 -599.0017253726205 285.96654825052315
2418.845508717577 521.6417416066205 1438.9516200673218
-661.2143206152173 -79.75773827890882 92.20915093900392
438.528545448762 -581.2425633735803 -200.46444800960361
-384.61847412396276 17.56076264526257 -45.343889855133824
-160.7930480351436 24.43670874080001 -302.07544985365314
1165.2617856521106 474.0657185446909 338.8369446385029
-723.6161093570016 51.61321423816199 184.8993376774681
-721.6368210295173 -480.7562450234355 -429.74327099079136
-519.3785894999754 719.6983476513168 657.562151297956
-275.4332427203337 -821.677521071636 -270.8818593566984
236.92506043989357 1180.9535205554591 -1548.1154609198952
-108.0064968396696 71.52080405176254 -72.80365349768567
-178.1772840871167 -1866.3773111473836 878.010716574199
311.13711564410073 396.64466687027505 -331.3204682920779
94.86215232636388 -85.59951816378546 897.2098826636678
-372.68938645329655 787.5696181862364 -99.14980693512173
513.236208913287 13.519515056044643 39.96313642953606
600.89252907847 231.7268340428015 1673.2986446997177
-1330.1966300042022 -715.4959943912075 -2458.7787757113165
1577.544698543051 -634.9835969872627 396.7595455074793
-734.5055919007415 12.887807863282129 -287.96735859400064
-18.48747001839693 290.3718196889754 -130.32273111521246
594.038793549002 1191.1426648975705 -803.9023830509096
-673.0266772950132 -1192.2607142721233 529.8955410589856
-272.2505789260885 -50.223696702648 758.7226577027983
240.40454096597927 -30.543001048870412 -471.72592837180326
-687.7261404469848 255.91653839657985 -621.987240045511
-49.12188733206086 161.83620047789603 69.77285793600178
15.727395190654548 78.2529202023285 97.46550108979497
-217.86697637678665 256.7020432862421 669.3296099052228
-28.744336453221486 -546.0753932791166 -739.7372405718414
239.71093552906999 91.7641904806343 379.4599315718065
167.2822466897514 299.4397129337732 556.8980223030918
-340.548661690176 501.9392606050925 326.12841665265876
-202.08423172855768 -61.04829636267333 9.502551586293908
1120.3480341997874 -49.36129707804688 -310.6054712174252
68.45528480212562 103.62954029797623 180.4159307342881
-584.2637231526187 -176.42192661293515 -113.65605323608392
900.9351735235819 529.3323125198543 410.2144545253368
-301.5969474604956 -95.68874879890014 -172.80461225443892
-158.36549566678923 508.5617940118141 -510.48681649456495
-1251.4867304554282 -615.3419554141417 34.541131553639595
222.7954184355774 187.73329375014865 -31.648869697645267
-100.65779572043516 106.82399011398032 95.292160279015
821.9872453715611 -253.28712488289338 -137.8294727713269
-109.99028620031173 331.25354713697465 -188.0384392189288
-1685.964759296865 280.9574581167518 726.6706753900339
105.97449491812591 1469.2923132255976 467.74985574389166
242.75573399781703 -218.62731546559218 205.83060342196967
-71.67957153431661 140.2723208360712 -286.93526738913397
1063.8584570805328 -1347.8225266298168 -951.018033296803
64.95402051905184 393.27627622812554 326.13022713018046
18.115693813437982 -231.99122959361594 -14.833823576433367
783.3186100066063 509.36183714083717 -122.0157242082749
-16.50431481876457 -1651.0055924407893 445.01387853785974
-1656.0097043607964 1301.7560273976308 120.6033487813644
279.84085045901554 -198.55990936118457 -49.938700550329415
349.2571274163751 -1148.3156078208633 444.45825197940866
-116.37071633109261 -40.545135851873724 280.41712869543784
359.59322347142387 -1004.5618277161581 -1252.2810303544757
-35.862366138122056 410.8635593801489 17.901344725691658
-486.9457498168471 -116.74797583646456 373.79489839543373
3041.298759148299 39.25600822615152 -1671.8663862602293
-295.27356045236075 78.71966570532318 341.360678145134
-920.3179943109083 -544.361849494169 807.531602968893
-105.25422472590583 -323.8479747006341 -291.0701073391633
303.8788315818029 525.4767544522665 -239.02476083573077
205.8382174252372 244.48291253770861 -75.48724160792361
-1479.9511064037445 499.6353945337955 1503.7083631044054
510.2667466551214 -202.5405105750835 -44.60508600996327
159.11522129064332 635.1004931808538 -183.19195093602175
-780.2171806203286 36.599224450885494 -347.5032915969936
-669.22880416549 -319.1077972547233 -779.8730079273922
848.2176204632713 774.6314981082643 1019.2882389386633
1746.8031541206408 376.01216988420265 1847.061738921507
-311.94944394275086 353.17117847735324 118.76052315552556
-354.01430248214837 -744.6391523764067 -2352.75385628509
-537.2023000860157 115.30201930807549 -242.09584883303222
142.84968605409966 176.64909185908198 225.0935362952043
47.29139539357902 -592.0079918660512 -108.3469857733578
-349.2961002076691 -46.24988795209702 -401.041638596436
-1070.7073367061007 -218.0926098177049 232.70479105941544
-162.31696684979786 406.0622000348295 28.858304842688543
834.242603000509 -241.63573158927525 490.41425092727036
385.3571270401406 -1626.9543533953865 1604.4594536951736
891.020820311521 582.5352382360113 -927.2685884440369
-819.57392281455 1720.9559107347366 -811.5491472009554
982.2709243462184 -381.315049576031 -1363.7173662408454
-331.24281148368215 291.7100750736919 261.24174655866574
-1049.1166982617958 48.429176130388555 1667.3383155122085
-109.74535789836109 -334.6131859860573 -498.181733363399
1005.2378732567546 -417.478902583157 1628.9488877799438
-958.1778875138845 95.99692129101246 -467.94664915137804
1364.1160829064154 -1971.8944608580134 1302.0285794386648
-395.0545959889124 53.031255708857415 -478.34615417795084
344.37940380563515 74.34997518390671 155.13625579598923
423.15421644884003 347.6439801505184 436.2115436358515
-687.2532714777991 67.26913052022172 565.3233071870357
323.22137149710045 60.529540609597845 -648.9958705705836
-682.0732616516652 591.5383817357117 -547.0270152671205
-176.426539094315 -54.22652386179495 -712.9834728384635
-105.76769678253608 48.281983106617005 -73.56984861770394
-488.0098829106387 37.30627480307617 -212.824854802
-16.25549389794255 1451.9108510453084 -1045.7176179187047
571.6763575137068 700.4896318778447 319.2614907734025
-1366.2681081905807 -1517.8135099681372 -836.8592196753149
183.4181738193087 264.2285988564385 397.2965990760752
1120.7908798433157 -454.99900641795807 491.2621220577036
-39.76500493645571 -103.61106694011639 370.22730346387345
-823.6278471610545 14.773526102490061 -678.5763793211538
353.99732008912605 -430.0301509606608 42.929085271311905
-41.01781359483487 65.93403322273939 -230.08503429633217
134.66065714028832 777.4806240020179 -9.715253509441741
539.6466912229703 -200.59057788134692 112.86606307913871
608.2228180840974 -232.60114180983143 450.70103362461714
-1487.6471150087893 -182.8982089297363 -1410.2452703185882
107.67274247910416 25.688635812886588 135.64737515518328
249.42591004747072 21.66517478933128 252.5724991456089
1611.2941262776774 115.78940937244752 3261.2181445479114
-313.8726194346509 129.0859591151417 -814.7470298964521
-980.9392832321191 84.66639793499674 -1081.5078951293235
-427.12873857712685 -58.36553822594719 -213.5248346628067
-144.99851195603034 -297.57595306993994 30.419743497538377
-82.84621640696403 -109.5990477161563 28.59251431496944
1230.0192105526953 797.0849274678272 -78.81990752940636
-175.71542621807222 -206.53935000488002 27.15832744666955
-315.8798937624129 -174.9336085389988 47.6009061042877
-412.7273838055515 1325.1712751420223 -250.22201338269232
240.51963843931955 -369.1196053216198 258.9700710268674
-275.339528679841 556.4417268006356 -1829.2001761155161
-17.770220501595826 -225.86057424154052 459.15251731309735
701.7177952971551 -747.1582138068396 2727.7911868688884
-151.14379051482382 7.041679962111667 -431.9753167432016
-773.2222530549886 -2114.0469797000874 2475.7159605134084
-161.0447383488721 31.443808329749928 31.901684819679726
-449.8663046641289 60.3575546630305 -766.3620253251994
68.95030332728885 -315.6863681750862 369.3257585421131
407.41341151232524 606.7336079923416 306.73126703547365
88.63485944765154 352.42636886185085 -489.1137218807011
772.5421744178115 1935.707928634614 -1765.3306222990263
-38.98283101582816 -214.84489924970853 -441.61009415652
2.9634328490601947 -93.09363933131077 490.81403143637505
24.44651724840983 -1.2677157030148882 -344.0581068530203
-692.6519578043896 1462.8382616868007 -999.1872933657947
190.16553053926597 120.41260123648667 84.28315001348702
-581.2386382804802 -2630.893424905072 -1400.9541929131049
198.70532435318353 31.04971075435136 400.73248593965957
1249.4816556258572 2985.9227646306017 966.8599614103388
-272.5608744964687 348.4946125798662 -63.67358918420054
529.246211507833 -961.589180994367 -73.26942636040398
-187.55135628379156 338.5759385040329 -206.02570753384688
246.22985156621777 163.9071566806947 532.8296326041395
-328.3149960222742 -716.3080208978357 234.1759826278693
25.82050050805391 -317.6041382184663 163.91405998838263
-59.054559145752556 -165.82018082702243 -144.480727864722
1374.4896699112064 -17.612683120890274 1411.8161272603068
-683.0683666158161 540.1044983897041 -928.9047723956241
-445.1056590949685 -103.3797559521012 -517.3963042831477
-1984.4298879015307 -2135.801510935434 1431.4269915454809
564.8451869052274 402.68902997856657 -420.3085238078408
1516.516414234571 1072.4330559798955 -1742.5933131689615
-296.4588161997322 387.1260390100704 156.44015564252828
333.5297979483286 327.48432379203126 1255.843422870915
-446.1408704802369 -234.42134513430028 -650.0392393437323
-315.46171612571777 -524.263937357119 -56.42483919910335
725.5069123750135 -442.002170709789 -563.4414677213463
406.2049343061189 358.1443386118593 -14.107763411444763
-2945.175747240568 661.5224785823718 149.64711045350143
603.2780788497005 -158.31214842736898 -300.830659665224
1.2485132548721611 956.7146053369589 1745.997202093169
256.1827686233306 -85.1380941297259 -295.286446484584
655.8160873033255 279.02322642885724 -66.31304341869152
2708.105061028644 1463.5697560844417 -359.5825829941384
359.2446229412054 -2025.491590898109 -1072.392813199713
-3486.760162195726 198.028568709972 344.9124460694573
-176.79451617796065 78.27879642547269 262.8669489393616
-672.9493865502001 -4.1436986007502545 -390.89752168262487
170.2420916522556 121.89571411498672 -209.18075939225335
-402.3262921941745 50.144244027830545 -1873.5409385685498
793.9556690062875 375.76638539426204 284.4432994218963
183.79096411045953 -1378.6868706588907 -143.01339970970648
72.82118214871414 378.7909758999934 619.3776535809801
-527.5300027642049 24.902150750576645 184.49174250889138
206.64037478287344 342.3097381187315 -201.01477179246044
364.9412849057507 16.455734123908716 708.8432513984352
139.07475546722617 219.1602837065795 -246.1043080843407
350.7241266244902 -1179.077678755709 1824.3646041998722
620.7975423184067 -951.8429170406723 -804.5487623627448
-118.12094371031422 -202.9297919955398 444.88425785042836
-304.0953131544992 248.81063593403226 -206.64186019141854
-1250.237437952685 -210.99642386012877 -751.284389057075
-555.1276855643576 1005.9702087895045 156.0954539592729
606.496911361458 261.21083446213197 -1237.3274535333524
-342.03588799035174 -154.1174177106344 469.2880608885781
45.57843626914319 527.3892704432955 349.88900409496927
220.42317221258077 -203.6058810343135 1305.0188725248886
-253.50994858367653 -320.20681510155873 150.9709315466836
29.082733191288003 293.50334587347726 -177.92503397311313
111.7274203247309 -2407.3243490256978 333.5781423877227
1179.8376085474201 409.08326824550437 -307.9531789392578
-964.036826053504 1082.771611805016 -914.2844014924407
1650.3141245048262 519.0981366477655 525.9034798032264
-190.00968878198324 311.5585846894495 -1149.1638663069307
-728.2990622143367 -793.121900864735 78.30370854440903
184.3148834772047 128.7402448998167 -107.95200477955994
1309.251529764134 1465.6696701599185 475.1085359586382
-128.7901194157509 -271.9873737591593 -49.89801490161143
-510.1782705218885 -2002.0324509019501 -599.3437800306257
281.0479459380586 193.9596891833174 94.77814503566194
-277.66907423524873 258.59573958608433 208.5952403116377
1053.4136162806612 1248.01796291835 1123.1271225629553
-260.6676051979533 -307.54936417214225 38.56222545411005
-582.5950708424955 122.29359524267606 301.1185291050288
-1120.4861964811887 -1093.9855286853901 -2092.204064809139
133.88239166927383 -188.3682857242354 77.76928186718501
-187.0759777019093 138.64551118785357 364.2711953521855
359.1399403050906 -252.8894811104477 857.9002446845018
429.14876806146316 629.7845670525381 206.77775154329947
729.2594986816852 1002.4124206619224 299.1866127300698
-323.524779725916 -308.84034284532254 135.53923889761882
225.86287505859178 82.61701584621355 3.7478065902936955
-13.27904084301282 116.67240956496104 -142.19447626639027
-644.8962806718392 -743.880070470183 -363.9234082761679
23.236015726862785 443.3993668532106 156.21561906694177
-121.24020057598402 38.92512943075774 -95.36437059158548
-705.9865565166522 84.73084549289803 -589.5334876581845
-142.18029118242552 -52.227013326288095 55.99695933177785
-290.18637158584227 -1346.7333863311503 -203.7560640846425
336.6864424323565 172.51230038890927 -372.0049567368702
-674.1765348687258 3168.983246617503 1192.5558710328055
436.3115146641572 -545.1999928438918 -147.4156156270088
1499.8296645157736 -1231.9136158806903 -1798.9790976868705
176.64176227517194 223.47426169297245 396.950852882755
-818.6484255718393 21.05121257602907 491.0001399673467
477.65618352982915 -129.81678147742494 1696.2533604802059
-237.30902970417108 359.23719440300835 137.49655095935253
-966.0261990467918 986.6551666100273 -480.3276921796817
-68.33661107867445 -470.03322892712015 363.095559436518
-193.02657709258793 132.92800986877245 219.86642102154198
307.6771544295233 -263.4652328865575 -57.46211175569195
-1067.5759133381077 188.39920576706498 -1044.7770382476078
290.8174728985454 61.02837669361496 164.4660709863983
419.2593234694685 -33.03955014462687 192.61053344499155
103.95802143523836 -42.96841237594723 45.82779148763142
1157.0046565756131 -1986.8145202309943 -2428.000894561603
238.92382722413947 -56.10023189291694 267.14834445865216
-1047.930801025621 822.5068730297729 1297.8760514581384
294.21749438324105 143.88357447643543 -240.5303328482705
579.6953447687323 -859.6477763932096 -84.58391169966067
-45.57219683635127 275.72340376063266 19.893209068447955
1640.3519486709513 1649.762154872765 140.52097592596184
-218.89691495643896 -699.2161011736442 -282.1694198648547
-587.2816511575844 15.425470037224102 -84.37799203203869
-1395.304700521664 244.32547357210004 339.88038870120533
378.3969335871174 -479.5038049659571 355.46437963668524
417.354705690421 -113.4807247383688 -417.32153469644487
157.80276240985995 320.65043546731977 679.5716023352005
-231.6947317766053 96.79096801123794 -317.3212241137488
-567.4395078244204 -253.50406589329333 -553.2337061085027
786.9789371625789 -954.115595865779 -524.2969201316153
45.57894255556783 63.303332744121846 309.07083152230126
251.81156577283255 212.20604969727353 197.58720247323222
326.89154196562885 801.6565840288108 132.27614252867755
123.53102372022532 14.159930254079114 -64.78743866164099
-450.70256265248764 -68.23391834129744 -137.52063324372227
-509.11426976704035 -682.2384172976033 -391.712356699676
-758.3352218071482 -1118.9498436781337 1789.7010000524785
789.7087533566768 1051.7658049244408 -2276.4115529551686
-1862.3937381326093 567.8071909564939 1408.952398873712
-15.38001250197443 268.21785439652683 -90.269738896956
-298.0132951011179 -1868.1788215834365 -285.6214021860212
-39.33975434561313 -98.81848849249369 43.33540350481819
1372.5470019425486 47.5843860643656 -47.85299529033773
-58.28905638002261 223.71290895345635 529.8291266060706
-20.35167514971982 563.4704077729815 -439.31951387967257
-433.0947772102249 -828.773345570555 455.99720681577855
-171.28151266158147 -450.17547865828806 29.612066948798454
162.9073890646797 -274.9132205165157 44.02822326786857
1164.867611872792 1836.9754937040098 -1086.6813800282055
-622.8858956702246 -373.1797088592505 690.8985558236733
-288.7434043806464 -413.8273324672693 310.7539185567733
225.79016368713044 -433.81182069474244 -34.880774961612346
-12.769881987948793 26.32333564060081 35.332082125653436
-1175.22832491212 -1250.623614599077 -1334.9438465401463
851.3961776527997 1370.2610597338823 554.1902865285484
64.44315372739064 126.89536306479701 -60.278792135292605
-19.84744400396722 -218.54458084805384 86.06740100714438
-725.8172572622127 -680.0105280698958 839.7565831665815
439.5599874119917 313.6412458860941 -559.7495463915316
320.3236696274679 286.4679910301463 225.46456722816862
1627.8842418920278 -1442.5112724207097 1480.4550932690847
-525.991811546784 621.8379683154657 -1193.3959252645855
-703.7794317474339 1918.2896124512934 -132.66983649018263
301.63534268179694 80.0720121507568 -91.1709741983125
137.61034352253816 -1185.2400893933636 274.24068368229297
209.04204911500312 423.95333808505364 115.10575006311777
-992.9220531850631 -858.0592088181425 -350.1150697924612
213.777019175493 643.7859052048948 43.79496503452645
212.63704741747563 617.9339831325669 -184.2483687669874
1013.9624169362726 371.5286604723149 -700.1760690510102
-1040.8067489260166 -1222.9929221631046 -1343.2026659337478
-219.18955828203147 -205.8693176931741 -134.74159221283116
-327.71512374492863 496.20256980594314 2279.140888434151
81.16345319268925 726.5247746466908 -82.97581728122923
-240.32879357146226 -1090.878457014135 -485.633111772188
532.9212146531014 37.95810312918493 -168.2629063804677
386.4665346835057 2077.472686005138 889.4078129197194
-223.19491535399843 -263.9800930563302 7.212810027595455
466.72571627436724 -51.415880400539905 117.42720218790015
7.540203684630568 -572.3679809151207 -408.3774100685688
917.7009719370694 -1323.0253409168286 1666.7696170990487
-1028.9365638238803 861.301252084487 -1458.7010591448945
-609.4807120609732 747.5605909400196 -8.77083688452891
617.8055586655556 -1.13958306357512 -406.96922329623436
1032.33574653061 -725.8647079754007 1164.8102647251249
27.69262074526352 -115.53289419374468 154.31215970423364
-303.4639299187113 73.25721447881507 -1109.1461101509237
-143.52064968907885 -345.54297567639617 232.18293714279048
-48.49519200406112 -216.18457536898 -35.903650387794364
-75.24152879099718 1485.4140580149763 -787.4384309961508
-129.25143897513146 -517.0019646221081 12.27203018645585
-169.12099673020447 960.7430094574252 1040.0945270694488
-187.62794193834273 -54.82247927327466 -292.19391029049694
396.96038430937386 -395.0987804363704 173.8293879631317
-367.3222513595573 -152.9236232865723 -402.26928959925453
-185.8864592086781 -123.31126951108293 815.7423320776089
308.08494556799224 17.219981662437984 -398.0294555817499
40.086299864054695 -268.4360726285883 -20.79972700332505
-73.16481176797487 150.09945832102122 108.27935111534337
82.00325459289519 2069.600162489707 -889.0687969616797
-305.13888187502897 -778.5248610626352 887.062010892255
-42.95372674909001 -1231.0772329128222 498.212098987487
-125.61087976866904 -335.32547890580565 -261.4124299583325
480.93620992132975 269.24590884415244 694.2352319150845
-54.81622523573624 -291.97860498330067 -77.93941922071978
-758.2259116746022 33.47730741444174 -539.7498355539603
59.3516751218931 -156.05613925249313 -17.95602383811236
295.08165132247984 121.37070459375083 227.3877000172159
-214.65757348558913 598.3942581111367 361.56874549681123
-144.56811648329835 -481.8216570477624 -28.74442117498563
180.87542231745084 -338.7960304074137 -155.16604830482325
-1548.6705297135943 184.19545356932602 360.64168464424023
595.7169169089609 -600.1292885228219 -470.5103076201704
1235.3542593077475 893.4859091207272 416.0415878619794
1121.3052198009182 146.8798766905847 -3232.5348733499604
-527.7911488699059 -481.2623328678721 1531.4122192790378
588.0618261140456 764.7850207302771 1230.0262819645134
-139.42973495868696 -49.74546398850082 -186.9915145990099
-1084.3371345099088 -655.0536280808159 -240.54271915167016
214.57970078284464 -46.65694620687107 -191.8663894706843
-141.08279996289966 460.011864362712 -244.47675531208537
22.85954490025266 -72.53996888184491 -254.8732676355124
452.1567389982895 -138.0615775450291 -320.7364097161306
-1213.4679719968494 329.94847025920245 1185.3683646732768
-115.71809235955364 210.71212899986003 -315.56313088504174
425.22640500356636 -409.46470281609345 -335.4499945682625
1790.1860431703824 -1095.1352910779858 851.8858863604598
-58.199238030313715 949.8095917213001 -1517.3654420174068
-661.7902754071256 -110.51613331784897 375.3216654731517
-1248.4177796213612 -668.6965085012806 2307.075854006564
603.7204648085957 69.96521733601699 -1025.6959088088913
787.4332514810421 255.04897635729728 591.8154181970713
121.39321758737276 121.31274034567568 -148.5074917715334
-1606.305470498904 219.77163822867905 -338.9226128613429
503.95482319073545 -341.22074353575647 -505.47430205453406
-715.9018658703649 1768.9366240750217 -101.4747102057106
43.232913727710326 23.173190756687028 1.7064849168403984
229.9265518907649 -517.7669358847902 -161.81853622024045
559.7934591820728 1038.9769976754735 332.8052195936238
-37.50150033051875 -196.30508189017962 -240.54065798906427
87.19715238806158 -492.3952340668941 -533.5144932035711
-731.5801421084738 25.808608375841892 -605.2070214772936
331.8709107474543 -76.56994798499474 -232.24059890615055
256.77543715450867 -78.64744173635822 350.9240544357529
589.4513833675288 0.9253808298145693 521.5542604017871
-379.48328757616315 -77.74765468954025 -63.61861824431598
157.7389879961388 -294.675130764354 34.23805963079571
-182.94786709032766 -36.102666608075864 180.55043810322695
729.1897413397367 -121.05248742575954 1801.3303185666712
-56.69387728379067 -109.24169092052391 -980.2614548348987
-1743.2155428938765 -790.6556185576437 1091.3235883140735
5.779815440147251 -436.5790516729761 -473.4336147548356
-1495.5678820732203 1156.8878759712356 -2496.8845710343207
105.90222432361263 -5.121913669549354 146.5026298596377
3140.842115160093 563.757063655628 832.3340535209645
160.14034545308996 119.36725522860135 81.22329556070765
-64.32950054757687 -121.25079505112132 0.4031954095094275
1314.3255310346672 278.93846390725497 1918.229535550862
-94.54970973571211 -41.669654975806246 2.3492570556307553
-58.18964823338036 -338.1999956891168 53.93945187880752
-2053.164572567306 638.6775841566637 -814.1903313085893
154.91590583383982 -281.89080672216966 -94.29366422334886
132.91795748115118 214.6690664067207 310.7182803388145
1071.5494566282714 -950.1731460829033 -422.10317006173966
-0.9115596152294485 11.06518469409517 91.25173134827659
1067.4449227567957 -752.3653054308041 -191.23814198413876
-2605.858085926249 811.3194050094174 -412.93137303095006
239.51431137563992 -29.564132330601932 -96.92274745492311
94.1067514984127 172.87782657532787 -36.36587000849731
-259.6822338719437 -118.21401149567068 546.8253327653413
127.86439880047297 145.42033770238982 -243.0722873735189
328.39619924193795 -172.33689742531934 -126.24702286074647
-297.515445689447 167.34339435909413 -3958.6484607260777
407.14847965160146 -543.620180712071 958.8215344207484
797.3387794525656 -1499.4731580592543 2430.632185082036
-809.8259744862708 989.5428967735561 -337.2810502618852
-960.6559702094022 818.9097483010202 483.2188113699203
-179.96567068668003 -256.366866177458 -427.9669921587248
-1182.8216873691283 2992.074449780722 -1046.2375356525038
-24.740881796477638 -1027.0063892478684 69.54386467077828
635.4755033352313 -540.2941432153756 188.13487478413694
1594.6697495710894 -1872.4610116956628 -28.520821580641837
-321.94282228430296 449.78827676033114 328.9307988758545
-201.37292738175526 173.86679806076825 -43.40002316334893
-1263.7257355035017 840.5525614490995 -868.5423523628916
538.9393804910735 -419.952456808386 420.4746417660634
928.2105433504379 -442.17288213885416 275.9056969223136
-368.61030669932444 208.57513711121152 239.49730979141697
-454.9099518574828 53.75859232391739 -275.7505676744259
1716.0097177179405 -495.63603323529236 1631.3261844230208
105.46863543661094 19.0929138550112 -184.95745911157033
-1731.8382504603837 272.5077823315408 -959.8020402726817
-32.68559618187767 -555.9601150990376 -870.5428937810939
118.68209687703259 -457.86215815211085 2032.8389738588219
492.01307369775327 100.884969717344 -252.1311800175924
224.96812245753304 622.6268876436786 -117.57623815792562
140.77724432998855 -82.38887570139144 50.77580856473183
263.3902121959397 280.7692046812925 184.42703504980375
-652.1677174134579 27.26558958352801 -461.54960913670527
238.40843659709648 515.3547783037736 -34.03209521042597
193.62803531879462 112.11368060799204 -37.80649875716451
-31.08920610723199 -1918.9685105605092 744.2499046661441
-242.26461019515267 192.59054329988197 -271.96111616603145
-354.47159000599015 -209.80951411369944 -12.259046634409053
67.79634092257878 729.2837150492533 307.58300894329483
-381.0093493738626 117.67917080011037 -18.025246381414444
457.3081374114975 -78.88192316280042 -456.38215357867796
217.34230683146106 307.99959731075586 -281.3566286974908
-167.0535500323779 99.5231463717002 179.34051273116688
145.57371658295068 -167.50606630879412 106.15967715938025
120.79898906384118 -439.37413215712655 64.5542234705341
-274.95176666155334 1577.738444337083 -791.0090085834802
136.18228898609667 -336.1157271557256 237.53257012411933
961.2187014835066 -1079.1606001001314 96.64954694998352
84.72503304971957 26.987242352515153 -194.79064270593753
52.77122362182837 673.1406519105774 2078.72709268215
757.1582606207712 209.87141939619303 -518.1320978080562
-1465.6505449732472 -138.24880510228797 -1052.4713601462918
151.4189955578539 -173.83017452014204 -35.97265920021279
397.9307953102284 401.3591266925421 372.59922224685107
356.6260121860808 40.17342029933923 497.805703935087
88.21887633970215 58.21926749849713 73.65428972348803
-19.760718421754678 1066.484000480161 569.5193193205668
259.46508626113217 -279.82243412952187 -209.00345769803593
189.79551544571456 -373.250255511162 40.102416096501514
-74.95952042975443 -495.09028503049785 229.34265261183666
-874.4997362226088 -91.83255006006999 -435.8129208445949
699.9306881363481 -112.37834784456354 378.942287178051
-685.6756835319819 65.76738572686455 -419.0189560395592
264.03407130524573 432.5146140656954 -524.705754980673
-2098.6256032803217 -3559.2031293967057 -4691.924539195724
496.4671761724994 1060.2923731524124 1949.7934228078302
801.627600997432 1137.6671334621346 2204.146351171001
290.29464781547335 962.4331838056983 -303.60099571350236
692.2948080248813 -439.55722451521666 1378.303641976642
-387.1008196214578 238.69482842132038 -607.2021300992965
-1234.171305857696 689.4659391405112 -688.122112322434
12.903945651537805 -34.98015817784258 0.6503364152992153
105.66986260682036 103.61228773969202 366.86479968020785
-76.74798501817351 -1522.9346842672257 459.6417289964612
-201.8121390542206 384.5788686623257 -197.90177977134698
-432.71312377852 -88.06237253661207 -121.50436775409024
-1137.3570633535028 -85.87560303061476 -717.5948928083708
-174.90549793632033 504.5153025000807 -276.28082633941654
2009.6581210504955 -136.50754889357748 1489.372593068944
3120.3179061508563 -374.5677568988715 -3227.1166790656616
-943.7296941389477 -348.1781992430877 1751.8493930803547
-1133.110264901875 -665.1687099471702 1309.1742623888724
-147.23451608403866 253.86883172254733 -172.28827596260462
-206.22172546734092 1608.861632444511 115.82405777944095
-139.76896616634764 -107.28494131955047 -325.5014678900672
215.43143074647972 231.55040266031855 763.3672810310014
-365.28657249738643 -226.14903184766848 78.86336045129508
-180.65786147725058 46.71871521043154 21.22853303943946
-813.0987803838624 -217.03673982422197 -684.193403206189
-327.2291502480304 -270.769553061583 267.8110492648874
237.1946671357427 -105.75679575595815 524.5889382945613
1374.4702303860113 -557.2742837225264 -1366.117847812858
-673.5678783817765 115.25600796271092 -13.70256886021329
738.227486848151 -186.98198817070372 257.0861867959522
-1534.0979153515723 776.3473561008744 285.3692114493039
1005.44672036859 -145.99497706132354 261.4386630389934
-217.1022641995231 -73.77241505542055 -8.141605770140274
-624.5928871247745 371.8893484624232 581.9095750870523
200.5650970384205 -46.604084661533626 0.08207310968553895
560.1714762893068 -70.7633381305464 -383.2637151702337
516.5499865260056 -152.4648125530469 -115.02795023247491
232.48763328162886 -304.20653125419284 -726.6310689003897
-100.33323117146621 110.16731749067391 160.86835416345897
-577.6881690219966 -591.3932087859255 78.78110910698656
145.16215664278667 5.69755027793974 -141.17827678767662
431.26867307247176 784.7778902269449 -1165.2108371565535
-264.6409954645307 -296.6632784868851 204.26002697577204
926.7038503899317 932.9142703410411 -482.4876050905161
-718.6492207926148 -865.4979193128495 -130.11141171523082
621.2237361439722 -121.97517297151225 128.222808254691
-483.180844555453 -555.79260265621 1522.9866525436273
42.48448717803942 -333.3898431442759 -277.91746385024635
-0.3552089100859873 -323.03316011490574 153.0738446104868
-1362.1977262172118 332.6867285996695 -981.5543614514881
65.8623118679695 513.0786138964338 150.45658202779012
182.06112362371113 -120.52229571990442 147.04814362347025
2239.1822053960395 700.4769440884241 -156.92768630570663
-462.1553568997317 -303.6205112449928 414.89742356152607
-481.18325250423266 -24.980912302162082 -163.91666687947597
1171.0826896739786 550.5162235835065 -113.49887229016102
-515.1155762587086 188.21600088928594 20.6483265694388
87.02165078199502 -654.735685428179 166.8136450748679
-891.228149042889 -95.83383991752102 26.450855608647853
1633.446901195895 1256.0155332435718 2104.247662439876
-456.5521617517341 -338.7651320835302 -404.87675027561625
-2253.8117889952327 -769.3648343639416 -1366.6180166946317
138.72493884948545 23.903915013012206 62.6807228409475
763.9562767716051 -829.2443527199717 56.439953707890446
-19.455475668289893 -186.56151942231622 274.92384998468657
165.24873557741532 -142.28583609852288 1.61191344785272
-1900.5096867001114 361.07007892679786 1388.9945669652586
1162.340572184383 133.45207191895742 -925.252131718364
171.16359089256744 630.7497400687101 -438.8137127286973
149.53319036581655 54.24862602705167 -42.11148420593744
200.5685247326617 -623.7380630443147 734.2208628924524
86.00489271877537 592.5778834863972 -143.6610488188199
-73.83834300420459 -711.2458995568649 -949.1818871647358
-22.335830084010645 270.8971296508921 -108.61601735977104
-148.22628901273737 158.16037696138676 286.95125483374136
-1340.946485198138 790.4007707750177 414.4683989411821
-1859.9659340659407 -98.81758431784587 -627.4587874204948
12.181739794894614 -143.49902711481255 181.34995346755463
1617.9953636012774 -144.70972780129713 340.38208976154266
-565.9022348152622 142.08809283805388 -311.20459720315705
1073.9521433073978 -907.5992922729708 -765.9187804124667
49.26162107267486 399.9445027477745 615.0625269342266
8.986577315228411 30.13122514796427 228.75451779331573
-1297.1789251084592 -15.224503772280556 834.4525186100977
109.27970216079302 141.9379710828179 -611.4913910777287
2161.0339256354646 -137.0738487057228 410.2228756798563
-80.94666760011847 -80.49269467202858 134.94416058292094
2021.4179160546473 -2645.468268540105 -619.6885251891846
-861.7820990070416 2304.3014533681394 816.6168663046358
-2011.0450747841778 1077.1747535433303 -1056.4520699700088
882.8799859367119 -135.35824770016856 651.6544909122841
-777.0298195721404 -103.19918683716088 -1054.265162842371
312.95468190263716 -169.29145479476875 358.71488826549387
609.8503625676301 -168.3066922142578 955.4244358807007
143.75793559940675 100.66656525844876 -408.0442355629391
-866.4492143817002 -17.319506854434525 -261.71682419702216
11.016346371128526 155.07083965225164 59.606165285995
-148.46802563456032 -748.2160498493145 -313.62771923930467
247.5289099802612 13.091776626662686 -129.96021804645517
88.07773422380897 13.765727425205338 -332.701085973736
-214.68518351389307 -152.77897409781593 593.5497055317035
129.9650505115161 -3418.566127899727 -451.2552112375399
143.07318108293742 1604.9725569838424 44.97236027890633
-640.0944129525913 1003.5753217365076 921.9759372219468
32.43313274097681 -142.08441841283087 494.5564183603244
310.7344526981994 1000.0385966164547 261.5889782229619
-461.8164878829312 119.20641940892051 -863.8813717767296
2940.621990706987 -1763.839518907548 -325.541455169563
-836.4070463049536 -37.68701702301793 -83.41518254836718
-168.59800771488037 869.4816021005018 728.4887378013467
-34.9230554311115 -275.26536523914035 92.99598620419059
136.3408051980695 30.854882883304203 -48.11021509458933
-87.5423114869077 101.6568798934147 -406.68647039776397
-364.7108035020925 464.3338355636215 191.39627904779462
-299.64440285998444 264.06640677687193 -532.4772357371478
419.2827346953411 100.69161237114398 -3.7300853892512524
-418.50971468813793 -61.27211154221664 -6.522059669861931
-1336.7804283971118 3412.1724592267515 1539.0322977289522
264.24830455591837 -2466.5349686318805 -883.4778982318754
1330.3751251283543 -2218.8208165069227 97.14593230660701
-397.1054035553249 379.5838551813261 -255.20314453503647
1089.7101415272928 1181.145909842942 -1167.120968192747
-345.20012342234867 106.34183316895096 -255.44369769531366
-622.9422778862934 23.6478825747281 -68.86668869405757
373.57933263280097 15.946754221140742 -84.65406320078854
61.45420123950312 -88.20801334069083 -83.42381338669334
678.9107397322225 10.848549115177072 1102.631731184898
-387.9643150769511 7.166371766547012 -321.50534471033296
28.388244806532896 -645.4016244935442 -976.2523215313768
-2423.93364915948 -1528.6246175049494 2703.159997563567
477.77096498843343 1946.7445800829714 -183.31435055145639
1748.8304896452225 412.55556572686993 -2534.525718742919
-161.93810803549775 2.0984939044498265 122.97435789618127
-2165.7209753644242 -1958.0216280023344 -34.091404860530716
168.94097142257047 76.68862175667212 649.466317530067
-698.4933343515669 1208.605868736347 -1108.002116850616
-111.61019792342316 -33.205758609567255 224.5864213120561
67.4018249380617 -1273.6371665966142 2034.4312666617125
66.18740730450129 219.32129774268853 -167.7495688395513
-45.95002204883495 384.75369776160346 -200.54525778316625
2.6743226534828484 39.78660469408246 -310.42388831907556
75.40596927139511 -694.827768568813 -1737.5670321507473
440.9901698788228 782.7084115076874 580.9481081924397
515.1413249573034 270.8432533518967 314.3052328757486
-445.60638962766774 -280.8488039159907 302.30249303873853
-70.94753023144222 -353.1546798382157 121.45493028660916
66.53760888122552 136.69051751462985 112.25240158913368
154.0574921648642 145.26287112965122 26.238944101907236
936.7365395317694 531.8002134812137 423.05303719579734
-146.63718110989 -1075.0057184093619 33.85614878969786
1113.74601752385 817.7677056959651 339.58416949206276
-144.91349066614933 370.3514068709405 20.28409987071914
1429.1907609446087 235.96763486510181 74.2906822559811
-423.0919750541493 74.30992999040647 -558.4018020568186
-510.4895763253559 10.688301246689798 83.71453379005081
21.74068897975952 3.6097432415727306 157.61705226732315
109.22847179289019 32.481993404994434 -154.4340886769127
-167.2049755475005 811.883904070738 -539.7659115162132
368.2684544660714 359.2190149171845 -151.06376277406977
83.16426190487108 152.56409882299957 152.45089335243182
436.1266476183166 -1399.880512025329 1204.159845209278
-282.9777158012579 -91.00945588995063 88.10851934339289
-14.127155769810278 -7.666441178782204 -382.64949905454574
-471.58215439599803 759.8754666745695 -443.6941473413167
533.4429624649431 -120.32279206078236 -137.62278740599564
-500.7346608977351 -346.3210037374423 -84.12076215173394
-769.3233113850621 -745.9069175044756 -767.7270623109334
220.21841606844697 -0.2631632614594676 519.6059817735047
397.0158542821854 32.53873616044544 452.1322544991921
19.3751010271559 625.656351072066 -235.43932053389304
-2160.1221132229416 -2083.339047425388 208.92762355109525
761.169323231874 1274.0420907600012 171.20988474777937
999.9112217716473 276.96765706491 -1219.3336138220561
66.640545602579 -56.829976282690744 -57.187063214936764
-25.989227266310916 901.0983589299713 1553.4770911660912
-310.0794297384615 14.482761111543171 140.75715698229374
-558.9162174493824 -21.258087100490183 643.4535204787622
-62.20477763542908 -236.46723752394254 -984.900744426821
-30.470581674235003 -1628.607012805535 1102.239807106483
107.86402331413663 278.9659984099586 -73.17622896128569
-137.04996161488282 650.4117183846952 -235.81893002011805
-259.18317981064155 98.21513369923764 -135.4798517406419
-610.8334551520309 598.3614847400029 -372.88322744403933
-19.09793515552913 -25.779832148062788 118.20996023283496
-517.9837624120844 308.4312881415674 25.603254584515184
664.5163432929464 19.51413094822167 922.6353579179968
451.55572150939554 -192.02660411795244 -286.9908937546431
386.05945148457147 -99.08830720350615 -485.2802567501248
1.2671862763183113 -258.65981936359026 -115.71310638688486
-199.79779781721163 669.9789990309107 -938.4013663136925
-171.82889125291715 -219.13911081590328 70.77549255751603
658.2889565511387 -2561.610852733799 -131.15300474459957
-423.91783995142447 306.4813693074947 -120.35822206216179
1479.4882203286295 81.53402082201463 -1098.1646493385542
-79.69877523277654 165.7967068697028 455.29898958575257
-175.4421194812762 619.319166345967 995.0400163459922
-627.5306841054447 646.0285234627693 218.49503170107712
22.744949288169224 18.072299925184822 284.9762697691159
93.43214881601429 -1344.8214906503242 -954.2683640659336
-964.9206677944973 456.30435983737704 -47.93080280141696
241.85440872784687 -314.28722416097656 13.701719838453565
294.23743798838126 -471.10658540754054 -949.8845673600501
-306.80643682283807 679.2441169905279 496.8230039423708
-506.97117168996675 1120.824636368617 945.118689302809
1656.0906349771024 231.90966056154264 1068.1375522042847
-842.2490547811021 -818.5263446454742 -1032.9658332030688
-539.393241340101 -193.95952267117238 113.65939224491126
