-569.3146615200534 2690.6791592674135 1627.4149469499346
121.0204595847718 -217.5274494157351 282.89867336114133
-4.602158243154672 -496.6636466442133 -395.14219219594276
292.8249544615156 -260.376629794308 -132.00758542821734
-834.0207697905066 -1248.9142980052525 -889.1670868305305
197.00075231342717 -218.34353403873249 -90.66034205800449
26.43088366930328 327.39886476702355 254.74791127564475
879.7690824281764 -675.4475441456076 -2636.811738458933
85.10723958850343 221.16412476213557 1692.5925066656382
-958.3471891169504 -478.3036843235527 1489.7177220402252
-132.34302668115 83.2204559289925 213.87931749813143
1252.9359145276906 -1043.74027237191 -1658.804704802111
-80.58604805553327 -97.5919085046412 -32.78798579295004
521.1471353192188 1647.8975828244795 646.9151795950855
234.69439735003178 310.9454516119023 -273.6692063175205
-165.9807991950906 -177.94612090215787 139.4805059051196
-386.68161733487864 -1739.1349146509037 827.7440113667996
153.35559403915042 505.36587086318315 -512.6559596316893
358.8935726648001 45.51751539639354 158.61073794791136
34.95156744013938 -1208.9448213697276 976.1278841631221
246.20505055180294 367.26123435159565 -156.3006846281867
-413.2586560126674 726.3120642236862 -1621.9553226806247
1065.524813945939 -716.4755796767109 1018.9234187469324
312.88146076552965 -358.2496222967568 356.3526508313646
-2399.1490244679635 1139.6808101946094 -619.7807264784573
-23.78319628480349 -63.368776538917984 -173.23694126646407
1276.8788615058304 817.7394419190784 -989.234375074707
43.62201043509716 48.82255020217365 -272.906102025289
467.27957303574505 -1678.7372773369125 39.57487178069741
80.73984273898556 160.11028311826982 408.14983563828446
-1109.157012316277 1757.1803605339646 508.71640895783935
-258.3798712182252 -694.2301797487842 -750.7648627015304
73.69679052747965 250.5101510121977 1714.87335304354
-329.98802511482637 1435.2990343430477 -444.6716669331301
-162.4410034773817 -450.2960192155714 -248.83046314506214
-405.2861776815536 -866.0490514081357 -783.0658203329695
-112.04225846702727 56.94519941775141 58.123922757400344
-449.9135674767674 97.39418883022597 50.49765239753742
-25.24199920930289 149.6866905556047 59.407675135901776
76.94910846276468 335.83789462462596 104.94299639373173
585.4566302100241 48.0302880841672 256.43047477567615
24.59009805553568 -321.23785434327755 277.3691901642266
571.1022938698204 9.211904496556915 1833.9155022664218
388.14160030957095 407.8429252608464 -186.5516635838681
-406.3566122293781 -746.6871514735129 -1831.6589834302945
-474.0363725843976 -7.69199841616495 -64.27689325732473
416.95949197319624 538.7240142621777 -117.72783981326546
-170.70575166659413 251.47758859842418 346.0355120985107
361.5414372115406 566.7318957100181 -104.8393862760037
-752.3254767218322 -51.06363667237344 32.849446205534825
-141.40820678136433 289.9554794939519 -163.40585619449263
391.27327224333783 -340.58896259510834 84.94829390707866
330.0358617625033 110.99609094327202 153.97044380866376
-454.3666243821985 23.643163204533366 -85.48080043737899
367.50813126239416 56.29002596093778 346.86134200835033
-56.39808610335405 50.021946883954826 164.5491540463373
123.81085784611878 -1484.1848473897917 -1094.2354462805647
-318.29935231895246 -315.0859278088608 751.2462555090332
853.2969495849896 2232.34763864626 165.54103248952177
-133.50565488712076 -648.7187639611475 -116.67779712121761
-1574.707334605768 -2104.9064484265978 92.20830513310369
100.97080079825305 833.876939417249 178.73846310229018
481.4429071095494 -1653.0000671911182 336.11873680486354
269.40575494288754 42.112045580855664 -149.28122277735073
-377.3780925770981 754.6901759558368 -639.3034362655657
-1019.6063684076028 938.9960213964458 303.93657258238727
201.4928540988767 134.99092505380818 415.7354643729639
409.3064276637986 -314.8317558840188 -32.72706348218907
1013.6914242884827 990.8665918733334 -892.1247114074845
-89.80993093266117 -539.2566820543697 158.25203547993618
-144.10082431739107 -414.55553563446864 480.1399294351351
615.0968862378703 1211.4288732464934 -334.2045698563533
-416.35983728031295 -396.84144151333857 -596.6382050993377
-111.06398369217598 770.6005088581923 -462.674682336696
-173.62163268417947 -180.31720485138277 147.21144295176308
1042.7781855021706 -2724.0125481449213 1987.9263462661695
-180.39756316203534 155.62261588140208 -324.4940898461112
-971.5038897535014 463.3415824825451 -1746.565105595062
145.6669794058339 -212.2920763499885 130.7128389821239
65.88168945418876 389.55198766068764 -90.67929091990251
1658.4919292278246 508.7883679483958 -753.8149173671937
-1019.2786383203216 -410.38404105736237 783.8392364604831
427.3669605043778 -1655.049352750721 332.6607313557718
-454.0183905844052 89.79178021225844 -165.43563067609935
318.44712406039463 218.0779721736492 -140.30326773964902
-1086.4106787861206 128.15071303986966 344.96489752494233
712.9828793913188 1354.1106309092297 -119.42379298541573
-156.34658360186518 162.25640235732578 331.39012204355697
-288.92350680135127 -108.92320576771037 90.55739959007694
-31.76099806416408 -331.27209226706367 93.60810865350355
553.8098353339758 608.9321679768351 -1399.8350947716904
-161.47856075488573 23.764236317758424 692.2354704397343
225.62505852185487 -373.41768487930347 178.9428576019217
199.0146920293861 582.4420889171332 298.4185195811722
-602.4404058053727 -567.1729987408902 -582.6124279799998
-24.535861522965252 -215.01708715803716 -38.66670917250629
-309.59337008946653 1048.8037572523342 755.9907505966061
384.52201622300447 -434.3038396077894 -295.3269746306886
170.50020462070796 -21.541963609143746 139.5869838508439
1399.8337567950489 -165.91747441021926 -375.01859635170547
-235.1453579109501 308.2646097947373 513.0864979726625
-355.87733518623196 -472.4992174579824 367.0653180850902
-1140.7170424116466 1491.9632541846217 -2273.425359818863
-766.5863424204376 -1008.5971488881788 1526.1431485530593
982.8428838243046 32.70960845382203 44.46656911790969
-212.37919862352982 160.10577803654996 82.11828070833434
123.94825446383366 -110.6898120475589 420.34397749912824
1665.5507188737242 -727.8213564451422 85.65528047228005
-101.84191777107041 -17.57438357550991 167.42325725688409
-1675.694369663922 2310.0446152031705 -2016.2482498504467
47.421217169891385 253.8198297929596 465.41626941457645
1024.369704997418 -927.1652258716454 900.8402258115981
132.12890498449661 -198.34945261662523 204.55752439461824
264.95824714917813 153.00881019249508 50.81716891337102
-32.29199909803301 748.3625023069042 456.16679288633657
181.47586349669027 -54.13793752370604 -9.930207148990323
-783.2791619212933 439.35556788020415 -706.4639455260682
399.8715550875617 -1198.7821407214956 -145.5159706200341
26.87665140380921 -301.29958040309504 -49.26343602501113
-264.58810872215446 -18.00216513488763 159.14920037043126
-503.5297442072116 465.53796964965306 288.14930123853014
-278.26622791839895 -649.0157744022098 236.18223908937173
-380.21276647449577 580.5958760983074 -631.3744755766857
251.46563151317713 1182.59688821279 308.8808317509698
-35.983310081073796 -383.2234034859181 -312.79637331700985
343.34397729946824 -603.231307784143 529.7419303825736
274.2150073186614 31.24722154527958 0.7111110409470199
-457.6966432704062 -1438.6511698800089 214.0555327633021
797.5856704478869 630.9892720399947 -715.1147505452037
33.906620741088574 -284.8751510158504 1276.3483996989444
-344.87026983448334 -387.8465854676669 -1.1351000996196967
-110.48602032018229 118.15948119276034 684.0833445738552
199.6839022591564 -606.1234154488576 453.36364131682075
1309.7020239581911 561.0763533162722 -778.7005116185478
-72.68941998865564 217.16668728383135 -139.91582526671615
-117.76129733923834 -21.189531939213484 230.42152069657274
-454.8169998681961 602.3129276066056 -1020.3897712422589
-718.2290147944967 509.32824660227857 -1256.4513837010868
834.9703442973596 -508.55425005524677 626.7280144336504
-13.486357604993211 10.18017947417017 -76.07538709419138
-238.50891575759297 588.3281051651904 -260.6077133044423
-325.44963826955393 269.7249033417947 834.9929222968278
243.41079780901094 -1346.4157673731459 1065.4565655858146
380.9510522797107 38.969488589251476 191.33189454041963
310.6562713413104 -2048.9217700424488 -239.10323830198033
-502.32442787875624 801.0354122799995 -1295.7157888578206
-572.8832750592347 1234.2941551667382 -998.5492477408739
-319.9850873884423 384.82801475753297 125.31711630535574
-1119.2100213084254 -569.4426147422939 2811.915651672581
237.82047754717314 317.5213101094521 -680.6586831846502
1274.048716232616 -1564.8956348032536 612.2143432270894
-261.06859244753264 259.18953275134754 -111.81426362079661
-72.28453430537046 178.9766095712951 -231.3538374514665
66.38393373421749 557.6138931013775 -1443.3247826658458
30.64558767458577 18.476475333803133 11.78186837455652
-197.392727158866 183.25511993858186 325.24012906767615
-1575.8917278578385 -807.2349507047417 -490.140408117268
198.27457324436045 176.38714678603418 89.61560162393958
-308.5105820018245 514.5720405012497 -67.63298276687246
431.9499600003813 -73.36749552790123 196.99605158290433
234.8543285133561 -348.85753798133817 515.8641984821196
375.9691675760392 803.4975907965422 -117.80996153887368
-1000.54000180032 155.15576786048265 -267.4851552394903
-93.56175637557872 113.70790701755234 27.876930539164974
736.842773928046 -28.641711521906764 91.90782641937426
537.4984233214668 50.58315597541329 165.46587970578386
157.53142060974156 -352.029801492594 126.6059477456362
-114.4457560206469 -147.15699260226688 -150.0277765884278
325.9385259550126 827.249663936461 -1595.6657856368283
-475.51908898083946 -290.5302167940297 678.8528200081963
156.19736157497758 198.8602857886446 -65.07906557474276
90.99013730163038 35.17052079770423 188.64747920496603
-619.9257490071312 -1165.90871659212 -1438.9179854814831
347.3993738432602 252.05178943490532 -40.4893387419458
1986.79803003235 2352.6371966531588 589.8574741691
-78.19008340190436 -269.38152453514203 270.5096873322067
-94.83942206766984 -207.68163578099853 -261.4896286514455
-714.6985517107154 1023.796771691165 784.7096790038382
-228.04111658215166 -338.53582043423614 -74.38456052264023
-306.0921675550684 -314.1977073210531 -776.5171164991654
-186.7949786970478 -2738.347432413908 -195.95291236804715
289.9914767708835 199.20562998856997 121.11540201652693
-120.71813356432668 1429.7990398176862 339.2806316632118
1454.9707988736127 -1563.170037153184 1628.7828809603054
-785.7141939563032 223.8049977279544 349.85476963504044
-1337.7659392063617 714.4750373256245 -1855.809833199815
116.1504782579333 -342.3391921979579 164.23227217633064
2039.8119829328975 1317.1720134872812 2751.0101247544644
34.976769911419716 -35.973312064747866 -53.56567433078557
-1510.3773473934118 -1.2280473473767546 -939.9667311169305
185.12994541836764 -168.81561801024705 232.44107662899256
591.6195801950861 -164.83432492471758 239.91062790835247
-1224.5498543686508 1347.1899166354337 -890.6142508446778
492.3361127094582 -600.2828271257829 -118.1662271278906
57.531645416421654 -256.1135255428282 313.7927394403688
1407.722021379322 -79.11957185218272 1800.6451900431828
-250.39470578064103 97.46498217394918 -528.4152393486066
-651.7812852316534 -89.65722812831963 -912.7496823073657
793.4307860201329 -1414.410857963789 -2081.782354757483
-554.5500069655101 407.48024823859004 539.7975819705795
-2458.8622671203057 -170.7162305228054 -700.0314877561219
461.63289733655444 20.68374819830805 348.29137295995554
631.3555989214454 97.28995196146585 2240.0308543858014
-61.27368193635869 -56.63319299767308 -22.199226174024453
701.3046640893963 144.44782101409456 -1529.5492997057042
175.18327052474493 200.19844231314548 437.04786387595885
-71.29748004731177 -299.2533864106912 325.75903214165294
-932.393732361653 976.4484485954343 -380.05560445750547
-241.33412306756608 107.97158498510866 292.1089346710908
966.6539520561837 -1740.6221558880898 392.6928940592044
-151.51755969171072 989.3402589491259 -20.72809326047842
-211.94217484318204 33.6442642579551 -427.98993641721614
258.4872993827465 151.18430182150988 237.48024541571155
368.0858198616408 448.35225105718075 141.62461661642627
209.54384725297365 -430.7374091042938 -350.24531457603246
-479.4704362710896 -45.397844936989884 109.91281553462424
254.76669818151325 -171.83079857055623 159.99581809178682
-865.6435879620178 -1984.6596906952866 -2371.9680906364424
747.0775731026354 808.9724881997594 1523.4079587604047
-444.9782279314819 609.2084514446818 229.7964739918397
56.97010973640171 -353.34683808419237 197.82421328853152
203.5270183748311 489.95085700149525 -874.2918317842859
-353.99547051841324 -310.5861242110052 303.9188569310008
-357.4729257997105 -853.7675064350541 1511.6060518838894
-187.14049073364157 -111.50596999127397 265.62331029945585
-905.3401964715482 156.35423923319428 -296.65671246174867
2132.689815628066 763.768470097302 494.44966279169097
166.60969481873542 -302.22151339333175 -649.435349809937
-241.08491639225463 424.4718772500674 -188.67632158628274
-520.2524386927332 1363.8250704040322 -109.35096675445129
-16.791332403766834 -291.3034600506281 72.84111593626605
-70.19624774214294 -530.4470794246803 -20.08088040808541
1083.8788677754646 -1273.5281565520288 576.9867080256805
266.80576433340997 -85.38400156952704 258.8562978651004
104.21006902082584 204.09396754750233 -87.91569185262333
-1220.5013111378682 261.88028592773287 -525.6826104645738
32.680822599802006 251.76817825396643 -420.7036101290836
-144.64156789121546 106.6264718478345 48.784340180023875
53.621993645910386 97.22790009600998 -260.7704185945831
-587.4471115679391 705.5285454016142 -130.42555237167656
971.1912424069435 -110.59236468845883 115.06864396443133
1578.043891635161 -32.02913190925735 -2136.931233425001
-75.57522893328742 61.87587274352578 214.7429169739783
-1879.3856648716744 522.0292966933246 793.0536393487862
-171.2732337990831 93.26245835093158 126.0317391803665
-92.45776698870802 25.427995348888345 123.2226353991512
356.4341957092137 222.2955750229574 -107.42511689520084
142.8774827959169 -130.96241159559906 -328.5211344113165
-858.2188127098785 -508.58107147044984 783.0399905379066
252.28409162130774 147.7854913865358 -94.6440419524931
695.6872189296624 335.68582828636823 -238.24784428741881
-1141.0930431781555 -690.3269113741196 1443.1957757243958
1352.0052345258825 425.2451128276159 -1808.1229759353114
-98.28179687569248 84.90179978104611 182.87101744603572
1241.4288086509057 -1400.0505567134687 62.223719868931674
-363.62962142574435 822.7903255086759 -385.3208316513413
-1054.7103758133137 139.5535661430737 -55.29807470557583
77.7370531659724 -119.04689990755807 105.93409244706994
490.5201005894534 1813.0902124095273 1004.4601231453222
57.120734904557814 -294.27727522921816 121.7597376193901
757.8167292686164 -444.42850369239113 -773.4985444575724
-83.09498625503979 -359.7701391372173 20.416625637850725
-290.8776819653344 -110.5381418254636 -257.692743820783
-70.8787571233734 542.594204102329 1422.3602884255545
1089.5034084989968 1304.3699104198015 395.6781374751724
227.13970593570872 -441.37405682429886 -174.0795604378295
-961.8734589214513 -1492.116136456872 -1181.5838044328916
116.6886777965838 173.29306122915207 -99.12710591686462
595.3370266835103 -565.7112613669112 -177.34527922151716
692.0152697989884 282.16600324769286 -201.11390670615748
-616.5643406596894 -296.5553094598982 490.42245226325525
-39.261612399317194 59.59706254181806 -711.4489724034496
-1096.9552960393141 622.6687334456818 1275.127460283112
-114.80348940992104 154.24390839060328 -188.61932639221183
950.4335351899259 -1721.1213468622252 698.7654409181578
-700.1522421936447 827.2196563850918 -630.0752876027136
-1493.2947426804233 622.0230735561578 -1491.254808538364
51.40650157317905 -319.1508572580946 223.9104288340487
1234.3879099484543 167.22014796346824 1740.07721141779
138.62218186675034 -169.43749743317738 69.45685693829557
147.7860411272998 984.5469526153815 -712.4903970942055
95.70581825757985 60.939010367867674 -119.40003060277576
-49.75108527228998 -85.71674310398879 -62.082331451200105
-1369.7558664090657 -2093.4134194272247 1548.6357472145285
-197.78937996539813 819.7753751689143 167.01778765987336
990.7705077885254 -253.96559152939108 -1171.984442832629
197.8002267825813 -149.47620442683578 -40.34069735111978
-5.5025418687964525 118.58405831540544 -124.61496407718687
-240.2414532156997 303.7922571208003 386.5025859325519
1118.336105645183 975.2255879234501 567.8378028867653
-541.8688845492679 126.9389838216168 -471.46032818876625
-432.29992353738504 -560.4848847332354 12.214234227856286
-121.8553126884279 -128.21775759231306 -717.2227071070179
-1655.8267764539132 65.64128897635814 -2557.614973879387
556.1979419980921 -400.26719876503535 1538.4317784523655
89.67173834726476 128.1547190245078 -1146.798126626889
567.3679295221543 540.6979176307303 334.6209806194063
-2081.053669392699 894.2624782869323 2916.1673409812292
-466.9065169557431 -415.43403704268087 -151.59172140744366
855.1252236354953 691.8179238053441 300.1145642096497
-223.43781962653452 -111.83791088836946 -80.35472622752836
432.52632518783673 57.29444026799751 -175.10624724552568
-416.2219520471928 -1062.3464593916085 -106.38220898173495
285.42249293497326 -216.33885603240563 310.05545854265296
82.40692074960879 204.65412466682758 115.13578152633423
-760.8709600454376 185.24897696430392 269.8405955644803
172.1923154232888 193.37570663415056 215.39388226287474
-100.64257577690611 -766.9819587489669 -502.0659713986789
251.7981575024089 -144.11270427361424 -1018.6086227949546
241.62051871739385 -138.48842587951296 -2.4229274019526374
136.9171004798633 606.8672283835583 612.726694742208
-420.2161660784995 -250.19130115416723 96.90066975532437
205.69090510049685 116.97345927139347 -319.02845224592755
197.13244062781453 93.83751842121596 254.7559729516896
-234.7632996309422 557.7239791960095 54.293482551822095
2104.7707288021866 -953.7079566998829 19.976106360747966
-42.46504965762649 6.339443853866882 -48.00407434672961
-328.84745251547736 48.24524672997496 -1877.3434791653951
105.96599927729781 -203.4569651436382 134.46015868253906
1096.1858080233596 -393.41851693666325 -716.5621035657459
147.15818680028536 -7.7634621320844985 42.64126858936805
-1051.130372322657 874.8380912270704 856.8311879648267
202.08217290163591 -10.280892063631025 -49.83768832372889
-276.30715554002734 148.1320748981926 -240.77792825173938
-795.2379482425214 1315.4542177846156 -1123.4021252929817
384.30584096776755 -459.5164277678647 70.62611904933259
259.00148243685254 -161.86322051176055 -106.25497163896537
832.9538149568816 1725.4681989356025 -830.8997999562331
340.31142862608647 -332.96938792777814 314.8822319470489
332.614878609693 -656.8537190244806 612.8541982004978
-1148.475294042314 -1781.725168174806 -705.8406752382057
445.2799324965006 183.14810437921312 -38.790227278575465
14.713716679636102 33.31638266795493 191.76309087317728
317.8935151532146 -646.1903839248079 730.7449381514228
-278.5109795408485 67.14209161070684 294.3234827204355
-476.7198008812528 218.22349090700288 -184.42456683288364
370.15119919371836 333.42063535719683 38.22035666671428
-386.7600095479669 -14.711521137484855 3102.5684925963765
856.8397519460584 458.14466847416116 -1496.6311515775703
-554.7852929769838 265.27583629047024 530.5205976021994
-313.0982109610991 -548.5486372921935 -13.86573623083205
990.2126024042824 -14.50479437661447 -1272.2467461869182
-96.67691599778597 511.87761650038357 -254.52577222469012
74.88567050225036 -1007.0983873014695 480.96818568956144
-315.60886633927123 -228.96372597618037 -59.123718162789345
-75.00412349495525 703.8571643798199 -241.92382791836664
14.820622346036421 15.533225826563353 -80.97599947155652
-50.48411597888239 -316.083011609709 4.783481809554647
-16.4297935661252 -57.14309140898562 604.5236222838757
-65.38461601148023 -584.6545077865165 -1188.6199556954018
150.15942631376635 269.20443168751984 1068.26920127197
393.495579116637 -240.37813637033744 283.50075279682545
1046.7904972140013 -924.4607830451243 3082.801021392138
-1012.9493545799935 -358.74480573237776 -2727.3700874312185
-1214.096013889765 2077.626119644896 -370.5810414849038
141.57936181557434 -427.3697425990411 100.78453423228028
-606.3570199840071 -426.0302384664265 -623.2498629113396
373.9453122281636 -178.3442831409391 378.94714649284754
-42.06133847534861 55.729535764827524 -14.788610676087428
2184.6181890996218 846.1000913917419 720.4942982483494
-1353.3820574479598 -74.30276894683372 -1209.8818863368565
9.494555482704142 -349.5862651197315 -212.78643853774767
128.59999631663314 388.8897202763669 293.202567625545
66.6231066530135 -386.4331039037724 1807.4266936740046
283.53989716369955 -167.5575767361022 -245.1396430982784
-1692.8559882198076 193.87554104610803 -1211.6990870641423
16.361118615845058 72.12177171041512 36.034652439266175
798.1848601530269 -62.75021525282487 1028.9645185267864
-608.2822144152778 101.39871482259412 161.3086866446214
69.13827608225672 -160.48637712872264 45.98757134809687
483.6470408129532 19.98437690859069 -719.872147669728
146.20411561958483 246.00200893690712 -90.3714883746817
-44.98994868422671 -120.58379353291271 35.06535905881209
-256.3283776350691 53.79621027480445 -57.93924604181263
833.1983528531434 -1722.050053787937 824.5285624778201
-340.4703419417687 313.58111709675376 -672.764395672586
-243.37974654465887 676.7798301012191 165.2496211284261
-165.13554736670892 223.69995263542805 -340.64257457891773
1007.2153193949678 -921.5469454249646 -1088.5043431876077
67.92125110048953 416.5360256267043 425.7757206656944
-442.3967734427223 239.9001120221868 441.9693178310585
165.3071271031298 261.13642325164284 -323.93046199459576
-1099.515385320319 125.28826448181889 884.1177449182254
43.47806730405741 -849.7875197472729 257.21706816243477
-1455.012205330991 -323.12918791438165 -3574.3113178556987
200.2048897784814 26.641109456233952 155.84250238918582
232.16900950195173 1169.973736101393 -323.04551182338884
161.95061816248207 51.105279764595416 10.56868062890306
127.15516169291514 -340.08585056996486 21.573662576475627
79.58096148873922 -114.66760226619016 196.76870885026196
1413.3030836441849 -15.207630121900948 2010.254831137057
-375.9430986037759 71.56762943094371 -149.00607092007388
444.1478214002039 1088.158140793306 906.3843567167113
-1022.1780869972262 -233.89863248540343 240.11213922683626
1266.790562915343 -78.44287532652497 -464.5743660853646
-175.77067594628411 -320.80239298633194 79.73600209009406
322.16113468291627 975.1589130835549 -1086.6258740025921
-20.743238595119276 62.22719723275529 61.81561675052319
-480.1452602724424 -1354.8093306535181 36.23226650513232
-1.115035132197825 190.26618295095577 313.4174566357034
396.51639113483884 249.25875151798607 195.99290511391396
-1637.1579030081455 989.9947638155153 -841.4068041432957
810.8570211340001 -322.9203131720722 327.6254518325055
719.0416967694636 -105.71124224185654 852.766049247996
-122.56478938009911 -8.154706531935313 -215.50004863869836
134.9115675195882 33.11807744720896 -72.8092618948363
-3507.9970831285614 -203.3680709912766 -549.241004334248
874.224739654544 -186.00095730043444 81.43334437804978
1549.4408095740562 -7.69535590795199 -370.1165654394009
73.53710655979577 -109.38648484002674 111.59414009334047
314.67468869258215 348.0035642589883 2064.020133557584
39.25706972763016 -54.03660698407898 -874.9125651595048
-755.2155167634384 535.4233456240155 15.43485130550876
276.93665039802784 -273.5927793538493 -182.24311999823598
57.73789658920848 -175.61793583912376 80.97204333239752
133.4986995948641 105.69075411373065 571.6282815068569
-30.858944129114693 -127.01120349945792 104.28964964594125
-219.57031402898195 165.95956972893217 105.68646364632173
524.171412769293 -891.3167334964642 -1386.7158210886519
58.57646332507615 224.48381266376765 323.5073742887262
-69.19697370565554 150.86645478371182 197.93262310132596
-364.1518774548646 490.5268878953848 326.14019991599605
-1027.169253100819 -860.4269097302255 105.60794015095225
610.6841936788765 -318.0900462977946 -575.9767539762936
845.9908594378234 1217.0049571688305 181.31126944133422
-60.56244196577308 -185.57953633422918 -437.49306788826703
1879.0354152623659 -1571.464093857891 1191.0210142444614
-240.5418953176412 111.59222719795774 -206.96651009249825
245.09954455673702 -212.25017574679345 462.4418005764239
-188.0110879302754 -18.973274249642042 80.3553713286633
-261.2318360722927 207.7120204543812 -56.39779591081303
-1064.4198644172811 1267.7823375539494 -1740.4452092799438
507.2263905872221 -21.7082151191873 -22.22982197690453
-23.388996829537255 -307.83543067862195 576.6710772816366
-397.80591749327994 -555.1068134419872 2476.8467684576976
333.4990412480497 51.719302231838526 -2224.587313819682
-3.5285602514078804 -49.05404707387607 -198.03473042438816
-1595.692093465079 718.1809979047612 -659.0787878739856
35.434959490335174 -725.9661453138897 -551.3687623568621
962.411751689199 411.0256662521162 347.798033861081
-90.5049961203519 116.8268781623939 -18.5838279864835
12.217379447793293 1667.2292440325427 929.5864407015517
49.00398701577541 8.249056461791865 341.70179171658293
-778.9354425575596 -309.9160505408705 660.2604686786774
223.05339334106603 43.89191156377778 -283.2921290126623
920.0930339739078 -1069.308056898212 409.81320386484356
32.54437196790936 298.41220805977906 -753.31085441129
-760.3501902002281 379.78473186530266 -306.1487612247839
-379.0488500335387 39.54749805297343 -75.8287457714645
377.92182553713894 787.5618568077823 -569.555787213251
120.51770366318407 -65.34335790661504 691.9902686148255
-209.62885982748904 306.43928862926987 232.18455756665722
131.79288334873544 -291.3575633985235 -350.9470723683954
147.30727549829604 87.82759801115728 33.91091335481579
-37.556419165070395 41.85680950466384 -234.06746190808082
-259.16320782468154 -301.0615439227425 106.77633205995649
-758.0304477981011 -389.5638381743442 -25.253434293061023
716.7469046510004 -996.3081526372707 -926.4069259125853
-49.11913627614461 -380.3265889137018 -670.5230167324382
231.61609873725394 -318.64189351181125 -149.76078617684846
-1758.5258676555466 -527.845130163369 1694.3004263723412
106.67444256549575 72.16213768429839 63.49882021823055
392.64857894422556 698.8286621404304 -1582.8023261791834
-302.11612984571326 129.52174075012488 -391.1778165563518
145.46695727151507 241.5190084970303 94.8482141551606
622.9684545237262 -1506.9280445882962 758.0672334329154
-93.36552191249751 -86.7036778169214 42.541760815461515
-203.24104081271736 410.30497620642547 -167.5045087230717
-758.0183373926881 -10.080943172053772 766.0449135190539
433.80552682250624 205.8987867202253 244.31727482301443
-75.65417034625476 250.0715941071304 115.43803319200818
1351.8662973259504 2015.557998228405 -3316.251951048083
-28.71475612259562 -395.47481571233686 376.793376864537
436.55715218998176 -1809.8213401425953 403.07782240898587
-339.4720387062864 -590.4154097090859 2780.674202355642
221.80835399776834 -33.088847839041435 -197.24604119661694
-349.2006564040092 349.5821456551485 -223.01544226241722
-841.531001298419 139.00171092988666 669.1697141838275
-39.87752237465076 337.205767904927 -515.584952487121
-76.46459349851128 -48.18714192589019 6.056246237133018
2007.288454732781 -768.3410190884655 1190.7268824595171
-916.8342919929298 2141.7602104735356 357.8624314106961
-18.151431946427476 -1078.6186389325123 -1696.864817206038
-130.30283640719318 26.58283828332402 -199.59297498673774
830.1412048141009 653.5688663928114 2150.712748098923
-132.11689135220624 238.46993773027177 -392.1172974218658
871.0353100704963 -1257.547085350003 -1459.7810742956694
-473.5498604521642 118.70325559304158 -273.5568689660918
-387.9539976359023 -27.54945606685117 -423.0208477456266
-86.88040409447729 128.13162265958297 629.0410154144473
742.6331527205998 332.5911178159632 435.46550008053055
-96.26773084503304 3.7969254516704907 -702.9905074883926
218.70677434926554 1032.2033479900035 879.0413061592677
-461.0538205142622 -189.29381126726227 216.9167708931113
364.8692797050279 166.8112524580651 -55.16665432854912
-588.3843128689273 -943.1247362316909 142.8902008096759
-137.76508640842724 85.65844456511644 -20.918644295890044
-314.4960461244717 -127.45191498767242 -50.723500129547766
4.8004103247520105 185.79825928026452 50.0658637053315
-664.4560643131149 -751.2500682677594 319.3985223391407
259.6308860693055 374.17874796722845 -562.9631464378542
-394.31925661000355 786.6471478825301 -1359.7251516605425
-429.3749204633621 -599.115594087446 285.8141265676598
2418.8553584795536 521.6370481116894 1438.881112853969
-661.2700636749603 -79.81440593305625 92.15250416469401
438.5252557916593 -581.2227381998337 -200.4414338534673
-384.61495148464627 17.57163921311533 -45.34059791646225
-160.79284311178017 24.440712541985917 -302.0700630049097
1164.886644265916 473.60876244836027 338.4969887043798
-723.3334929796746 51.98027077944855 185.2218862833925
-721.2126483081546 -480.2807837699401 -429.3427130668899
-519.7316414950772 719.3482588159632 657.2371144778468
-275.0768185194324 -821.4110806608576 -270.5472732599127
237.23355180294658 1181.2836619728753 -1547.8217516596974
-108.22373980032624 71.30869017759932 -72.98376770199847
-178.1994962550606 -1866.3617822108429 877.9949942329457
311.05040704206436 396.57075824484787 -331.3728587427299
94.98381420391925 -85.49019199003408 897.324017208363
-372.73000732570654 787.529724685957 -99.19394373911672
513.1999792108594 13.47957665172321 39.92046131389242
600.4924845437645 231.30185854621848 1672.9496941005539
-1329.8257930305163 -715.1235022517103 -2458.55445020586
1577.98457198783 -634.4415822762361 397.2456625225298
-734.7129258864097 12.623038551700706 -288.1720391712872
-18.655630786780673 290.1459123161624 -130.57256761806417
593.616656457348 1190.7810975727346 -804.2571892771653
-672.6623917472309 -1191.9450496681868 530.1798639111365
-271.8803184075617 -49.930252574318764 758.9675257849584
240.17518354821593 -30.768337321853984 -471.8832337734869
-687.7130689193793 255.96689533351565 -621.9343812115087
-49.177941541512475 161.78944286521394 69.73404256866883
15.673078530564595 78.20964853797801 97.43181062263452
-218.34874656782284 256.3907038439653 668.9535667086523
-28.29505796230836 -545.7889883423646 -739.4388442747229
239.95447009077856 91.93216678560259 379.61655187923145
167.0958626631624 299.24544502921236 556.6833040121905
-340.3951894880966 502.027153442985 326.41924762940016
-202.23123422168769 -61.02941633902472 9.390857828592974
1120.4176725205637 -49.36107709791493 -310.6243040115585
68.43466138449881 103.61426934005878 180.38522992410194
-584.2469386687757 -176.45115774563354 -113.6858272381955
900.938510234823 529.3162764473446 410.19171421269925
-301.59725659457297 -95.6953834772527 -172.8132277041607
-158.3822951187235 508.53816452262197 -510.49952226866634
-1251.505470209919 -615.3366336297952 34.50949803248869
222.78260455548244 187.7186571444577 -31.693778073606907
-100.66965667518541 106.80806813762374 95.2471379262403
822.1137887013209 -253.10286924709825 -137.4908731298875
-110.09076550182563 331.1340859760214 -188.25962942991973
-1686.1024608811915 280.6273801297476 726.3106887636228
106.0922866472604 1469.5608042438932 468.05131150480787
242.6918081445836 -218.74151377420836 205.67260912667066
-71.72285335222048 140.12433687018776 -287.09205931420274
1063.9886563281987 -1347.391599070672 -950.6545870921979
64.86552807635404 393.07613537788086 325.9480023472336
18.06143772685087 -232.227031912616 -15.003127850537496
782.7160871795635 508.8499469196737 -122.38996219204837
-16.128155782372993 -1650.5013506004066 445.28100352837146
-1655.6431074076218 1301.9029482030583 120.74703244785252
279.5876070375106 -198.58720034385473 -50.0710988759925
349.38191286816607 -1148.2961128370505 444.57612159315215
-116.43384126870852 -40.66078914882234 280.34631548412096
359.63559435838937 -1004.5347453642988 -1252.2015860656286
-35.9015575191445 410.84672159526485 17.843164879344382
-486.9962258521299 -116.73636077116059 373.77741756571015
3041.032930153232 39.09271633462611 -1671.8644644915544
-295.3107009206323 78.73317392463287 341.32277114016483
-920.0533817995426 -544.0525708330961 807.6433208816744
-105.33820608858716 -323.93799791018796 -291.049219225129
303.8430116986466 525.3662371333061 -239.05253585735048
205.74471954953626 244.43439278855712 -75.5587520908742
-1479.6209606594957 499.76254086973086 1503.7584993008015
510.19507247276385 -202.6064753053998 -44.581247994392356
159.01262688512713 635.0636851313342 -183.2513547199362
-780.2959760340657 36.613887641405626 -347.51338118305796
-669.5488872635227 -319.33751623239186 -780.0505411875733
848.5861538934516 774.7598801897095 1019.3666059805355
1747.090542155417 376.3807119716205 1847.2253061827587
-312.13872344388875 352.8681635159578 118.61926348360905
-354.02013734997576 -744.6788549940385 -2352.6556963958715
-537.2394805403221 115.29866227427227 -242.11390623165468
142.8225898845454 176.61136542771428 225.0527277300777
47.287332829230756 -591.9992167282705 -108.3397759077697
-349.28353709025674 -46.235340995814546 -401.0466439863198
-1070.7011331445422 -218.09532389325287 232.70466342166353
-162.28252601028217 406.0809939712709 28.863429015866114
834.2611308703456 -241.62503124588926 490.4170988964525
385.1214120787673 -1627.2658117749208 1604.3375615070547
891.157100457724 582.7773669016572 -927.0882383806775
-819.3219200263221 1721.3849346869408 -811.4061845108885
981.9007093214511 -381.66468772482165 -1363.7861487293962
-330.81550195430054 292.22388464891714 261.3474695301123
-1048.8704925269662 48.54478881707809 1667.320428946539
-109.91335623486987 -334.58873424918164 -498.211346119918
1005.2809338376579 -417.4217516899155 1629.0632146860319
-958.2677211224917 95.87643345401194 -467.9782158491319
1363.847725968768 -1971.9338867486624 1302.0182252941006
-395.0473756360342 52.97980655649546 -478.3595141378451
344.62513614292783 74.45826482961296 155.08685970687296
423.062863209638 347.63955643670835 436.22913685846095
-687.2975548755189 67.2561443507717 565.3681075451703
323.14537449283483 60.44884904532866 -649.0103692056979
-681.7588323263553 591.6808105924861 -546.943122178862
-176.52448070991187 -54.23682830636992 -712.9890818956698
-105.84593026985026 48.19944403913825 -73.5886405371121
-488.05581254172085 37.281188559423356 -212.87364823478615
-16.42889539917336 1451.811989501139 -1045.784465832557
571.8904594604996 700.4322534476433 319.2651338818345
-1366.1107023784534 -1517.666538706377 -836.8461016853838
183.2369135602866 264.03110258114907 397.20161633661166
1120.9019515486204 -454.98310336897663 491.4924755295217
-39.81670924756577 -103.52814037517119 370.1911385501263
-823.5877955739433 14.74589775637556 -678.6223335912129
353.9806477128921 -430.0364542746163 42.91716975093155
-41.02850595931645 65.91568114080147 -230.11199576698417
134.67688232027393 777.48247443487 -9.736069778385835
539.6458715901236 -200.5865930997281 112.85449447099312
608.2224722830999 -232.6033621965271 450.6854953520418
-1487.6615752536213 -182.90620371179105 -1410.2976710034523
107.6605855453055 25.678433892320744 135.6181188224833
249.41722173135042 21.643680433687216 252.52303642583044
1611.3843058421476 115.86398255018567 3261.662212222369
-313.9467764477798 129.05205395388722 -815.0341872371183
-981.1376132216433 84.35995796797147 -1082.1118373702946
-426.763483667683 -57.89782920708916 -212.9136914736246
-145.18409098796346 -297.79866413868626 30.122084306197483
-83.01888124879153 -109.8508074056868 28.285397087870987
1230.2149519493694 797.4609886891461 -78.10269351425077
-175.81340974175404 -206.6922133347694 26.734171842426353
-316.0023179150502 -175.1789441536071 47.21759775920961
-413.22873289348775 1324.9788957543042 -250.46044513542284
240.9273523349461 -368.82137464664265 259.1830700403734
-275.1275704870378 556.4145647195527 -1829.0846481755273
-17.892845462023246 -225.76234463541581 459.003165874888
701.752080609796 -747.1270034620911 2727.9329423601916
-151.1966993171965 6.969841218273198 -432.0217157974033
-773.5731418234166 -2114.1093960279923 2475.6048370822964
-160.98138069317793 31.48353704236283 31.942111442877096
-449.5193956179577 60.27741872962051 -766.2807480264854
68.84261954532839 -315.67316009480953 369.3239611797632
407.3533245207498 606.7523012631503 306.67364295409527
88.57352984483106 352.46628325113875 -489.1187400166034
772.8809401581477 1935.7572579649288 -1765.2845351270728
-39.09595918939143 -214.84530768416658 -441.6186735880584
2.8790171348402813 -93.08394855465214 490.82403326115104
24.37131634051372 -1.3077539605174127 -344.0820998290451
-693.0540744656998 1462.7864470422905 -999.5021461012996
190.62863639485803 120.31838098710094 84.62194635879602
-580.8061983361295 -2630.705755891946 -1400.6735717996964
198.45780175525553 30.911189847773105 400.5648057721136
1249.4600390438427 2985.9331612215797 966.8540945166526
-272.67326217842555 348.48230298893435 -63.74030216969294
529.1953920975934 -961.5966653198689 -73.30141498365097
-187.54604598253147 338.58810566034316 -206.01382224292723
246.24895732964447 163.91770437615077 532.8379009436374
-328.33540682672634 -716.2933405699068 234.15607612199065
25.849772627706106 -317.59486257123945 163.91382493461305
-59.031016408760294 -165.81142549598135 -144.46769102115508
1374.0922843635885 -17.88724198552039 1411.7114026020004
-682.6792054781032 540.3331874404589 -929.0689731950521
-444.7811151535876 -102.93943561213628 -517.1683440907642
-1985.0354799702843 -2135.7821539507418 1431.2816086830805
565.5571446224071 402.69580088655766 -420.2231471327667
1517.0324769819335 1072.3231740560143 -1742.5272507312447
-296.7952430793323 387.18822281818495 156.3408891932462
333.54570572043536 327.4634302810234 1255.8391535323626
-446.23465901500555 -234.383348701163 -650.0387492437739
-315.5601277367138 -524.2348853117112 -56.41289820600354
724.7447938945546 -441.81330984040284 -563.4138139570578
406.931987398703 358.03503716231313 -14.069765513150365
-2944.6645487232995 661.3561569063345 149.58300555321847
602.9793136379969 -158.15205603241367 -300.7670255559733
1.2192637581794 956.7330120152193 1746.0221466692228
256.0972079786596 -85.12482540918843 -295.27360305464026
655.7324965781505 279.04611236008964 -66.30957446302251
2707.5638043650833 1463.6914773194296 -359.45020171365985
359.7671222343034 -2025.70536334908 -1072.5388600192807
-3486.384409518222 198.0576447300545 344.7614632054376
-177.0729025443838 78.25166974274975 262.86847549578056
-673.0064130281778 -4.071907072075455 -390.98629016688426
170.1600899249981 121.92021996615874 -209.15479989869357
-402.69421727352585 50.18469823157786 -1873.4105946737268
793.9531316464651 375.723855899332 284.43496937856247
184.00680086647233 -1378.7479196252302 -143.0586767732852
72.76055520743604 378.81298416591494 619.3755004561705
-527.5827433613935 24.923404286501366 184.4975294709026
206.58516308815808 342.3301589438836 -201.01873393122202
365.68539210531884 16.393860250759843 708.7347056122716
138.6660918675419 219.2455321982061 -246.04468898924898
350.4215987888325 -1179.0770293371108 1824.6236102909133
621.2010402423409 -951.8144351527144 -804.6072090691401
-117.73020309566226 -202.89647329410192 444.48027226038596
-304.3285665726006 248.74136094891003 -206.4409943989952
-1250.3408460262708 -210.9984475010203 -751.3675569507806
-555.1882208999887 1005.885488952385 156.16056981965087
606.459812913718 261.1801142121428 -1237.2680310875373
-342.0230071532531 -154.1141640945344 469.28098984481517
45.59872144778279 527.4025362225588 349.88765997333695
220.39892974205915 -203.60286805083203 1305.0521934895314
-253.47603354802544 -320.1745224207332 150.9494896976912
29.120388587754007 293.54546697103495 -177.9416640456304
111.11190162714831 -2407.9520189262535 334.1422367773441
1180.2811003712523 409.71153203517974 -308.5241087923339
-963.3298149398091 1083.414005549972 -914.858920419901
1649.811850338409 518.9285435119116 526.2004525330929
-189.53006160867122 311.85686337360113 -1149.4478661954454
-727.8284715752249 -792.9617895246874 78.04547488498378
183.99980681741843 128.64895242508518 -107.70803427580704
1309.5803727459497 1465.6671466275143 474.842812356192
-129.02968157410115 -271.9844937595272 -49.8255956122947
-510.1966847743093 -2002.062181023574 -599.2839885173545
281.0255096996245 193.96477834888992 94.79596611596669
-277.7163394727996 258.5902571939132 208.62049159487773
1053.3895058943283 1248.0184725041224 1123.1149033013207
-260.67716138727917 -307.5489498208134 38.558957879315464
-582.6203449206668 122.29426491731991 301.1103963450467
-1120.4869334589735 -1093.9503378350987 -2092.179935066493
133.85465748124352 -188.3533587049939 77.77258291422233
-187.12246890116026 138.6788027125879 364.27306646254095
359.4408739615741 -253.06754259759953 857.866003101019
428.94454811322464 629.971329150543 206.78533757902107
728.7266851253625 1002.7491684747571 299.1532186366416
-323.08127722537967 -309.14159496498917 135.59694112795242
225.64798808026262 82.71245855695535 3.71801346050355
-13.432914303914503 116.75714862690447 -142.24087301835775
-644.3317446624163 -744.272832843529 -363.83008903289704
22.899724636651726 443.6601622110575 156.19214425462712
-121.46441746039 39.11729278578509 -95.40247819040101
-706.7976361258304 84.49011739356631 -589.2823143399746
-141.55023661562916 -52.04980201326171 55.78400633446571
-289.8901529506919 -1346.5117010928664 -203.94823075633
336.43109339737185 172.41588808982956 -371.74675332743305
-674.0522864942404 3169.058678715244 1192.379704047915
436.199210334972 -545.2324245265365 -147.41102356959803
1499.942223019978 -1231.9469603743617 -1799.0417259123692
176.57924366243265 223.46193962855176 396.983011632437
-818.6662479746949 21.06289001271261 491.0695435760298
477.49220675966683 -129.86994463213773 1696.310122319364
-237.29746279866174 359.1769235422078 137.5082913024663
-965.6853082547244 986.7546563061073 -480.3134558442746
-68.38621330182212 -470.08254522321414 363.0667805759546
-193.12477904624075 132.91672568768462 219.8349973986353
307.5750860843252 -263.51046390229243 -57.43129019831681
-1067.28010884338 188.41929287262926 -1044.8250750279362
290.75077398972934 61.01058649992035 164.43371389099286
419.1641564432073 -33.06815528430079 192.63554191138752
103.8867709105668 -42.94513303630055 45.85567108022277
1156.5828113151213 -1987.0004412772137 -2427.8792904340416
239.2701847805615 -55.84493186753109 267.1048426028733
-1047.7861318746284 822.6153225605811 1297.6661869327233
294.0408308305519 143.7393619493209 -240.275231904682
579.7450234876694 -859.461415476501 -84.75459779891388
-45.57196922492407 275.6545349374648 19.89025313643001
1640.3746289796575 1649.776236963771 140.5418339402683
-218.90948534425002 -699.2244259671677 -282.14616198955406
-587.2752409444693 15.412822668052604 -84.3526915468754
-1395.3265991368164 244.31007647712227 339.86754552065537
378.3816131848901 -479.50694586222187 355.4614236258347
417.3400065993138 -113.48060518361672 -417.32996500360497
157.80479207584258 320.66713780079493 679.5397718736224
-231.73850478456725 96.77017082088874 -317.2819129912969
-567.4586946938896 -253.51219631290738 -553.2074655499688
786.9795963202608 -954.135131920991 -524.3386995148114
45.52126379038297 63.31675261031818 309.07472928324546
251.71374534522081 212.16878968646645 197.60770085953212
327.1554865133664 801.6521429090558 132.15392396627757
123.27772328785503 14.15485928546855 -64.64108553577739
-450.90677429518433 -68.21535535886444 -137.40723752306084
-509.37701289180586 -682.1874530374988 -391.5960773013792
-758.6226557657603 -1119.3018384498164 1789.9870296014474
789.8797953237131 1052.1152053213332 -2276.5299839949234
-1862.0927284697896 567.956604342708 1408.741894935726
-15.543219980237856 268.03056556398974 -90.05201858173007
-297.8649600044633 -1868.027319508527 -285.8371005584521
-39.44201325883302 -98.88896881337595 43.386003399081346
1372.5330251952055 47.59879729608705 -47.83596268918555
-58.32151380478708 223.69406918580594 529.8523705449043
-20.37697137676932 563.4411336093457 -439.30434151714456
-433.1394871192755 -828.804908214122 456.03697893986464
-171.3071322585222 -450.1895841527137 29.64025359483404
162.87707019038314 -274.9333741583359 44.05544340483389
1164.8467751477826 1836.967238654977 -1086.6671827283399
-622.9532610960268 -373.23413881960425 690.9386780482098
-288.7994133705702 -413.88550545290747 310.79714123098734
226.2985113067362 -433.3873613132629 -35.125434997535656
-13.094570058863967 26.04214194716009 35.531739115408215
-1175.9098479079591 -1251.187012616104 -1334.4771163534708
852.0512700806042 1370.852528101203 553.6905243203895
64.05584334675969 126.54638519338073 -60.03153727328946
-20.14875885020457 -218.8828282203517 86.23263744029626
-725.2225639558972 -679.4574647142556 839.3825275685125
439.3035943845768 313.39987312590563 -559.5722830064434
320.1000935554447 286.22710438137324 225.60289420809985
1627.2910889350708 -1442.9326384950432 1480.7813565189876
-525.5884938709357 622.2136235338372 -1193.5616884895742
-703.4183474506793 1918.593557090186 -132.9167699643244
301.4107537572318 79.87035306676994 -90.94462669673459
137.64940272476616 -1185.253968671007 274.14642562902736
208.9570313457462 423.8942661500207 115.13590516196574
-992.9110549591252 -858.0527311691343 -350.11958389411836
213.74930732743087 643.7795385016433 43.823279603516504
212.6181866642661 617.9061649802544 -184.22301422728896
1013.9352976810568 371.507085344006 -700.1677801517029
-1040.7188325017232 -1222.9724966507467 -1343.263984427213
-219.28077827311824 -205.8991531992461 -134.6603507036459
-327.61600677489963 496.21513152051455 2279.071657152957
81.0865007098554 726.5228275823355 -82.91090760396845
-240.28645082185625 -1090.8693758739541 -485.65437651026184
532.8767811351419 37.96290989542462 -168.23873610373946
386.5268867751916 2077.5070789811407 889.383633870442
-223.23915675639648 -264.0115767305447 7.214834458636294
466.77382320913324 -51.3837474482656 117.40534681779216
7.491956451457752 -572.4262899666918 -408.35405657702796
917.2313122964431 -1323.3631887977676 1666.8187976923248
-1028.566501046095 861.6186032517513 -1458.6540170753551
-609.3097256192041 747.8691992193635 -8.89766489483631
617.6556110047011 -1.2958744682939947 -406.76756551162777
1032.3689308226903 -725.7371305758821 1164.6954929039953
27.638967575109074 -115.58903370364315 154.256064402977
-303.4423653026705 73.22690167180555 -1109.1247241466376
-143.51697661918624 -345.5462141198952 232.2239673260743
-48.47213087873223 -216.20614893891144 -35.92533244877176
-75.41263726030701 1485.2138397293336 -787.3362013465866
-129.18158974122332 -516.9508828276794 12.242067443427388
-168.9830201649747 960.8785262788817 1039.9954691138566
-187.68590245302343 -54.89283294466979 -292.17461336290097
396.9254329095776 -395.0917400356065 173.89241449255076
-367.33427306317566 -152.94526759444443 -402.2932470167601
-185.65528579919393 -123.05884555323532 815.804114143244
308.0472336745751 17.124665136653338 -398.02298360209625
40.06260239673695 -268.4723992621933 -20.857114794318495
-73.2624438403915 150.04315485102387 108.26603461814898
81.8805660446387 2069.2856805007277 -889.1166896731373
-305.0269160477734 -778.2212209362912 887.2427245609872
-42.863732334515724 -1230.8845678324042 498.1044713001299
-125.69831983950169 -335.5064432537789 -261.2918936045619
480.91210448188974 269.2827522966211 694.1657471208258
-54.80386161382807 -292.01259542337584 -77.97025334565511
-758.2332812947012 33.435535483701855 -539.7454121704272
59.36652647637593 -156.04931271730666 -17.954534700153367
295.0884815323473 121.38158903330371 227.39903266486672
-214.65888054443212 598.3652103529686 361.5622479403388
-144.57315543183296 -481.80386956053275 -28.735418201212187
180.87322149142824 -338.781801455481 -155.17064231052274
-1548.7324777303418 183.86695460649827 360.64242415721037
595.9275073171956 -599.8781105789577 -470.54750247255004
1235.2997638708823 893.728104740775 416.02538137935227
1121.111603369081 146.7116274707405 -3232.6632742267198
-527.5822311036782 -481.1258791119511 1531.642739572823
588.3749441910612 765.0046038313113 1230.0938266889689
-139.58320595671879 -49.9097209819831 -186.9697304065293
-1084.3752576910567 -655.0894568249337 -240.60188835756156
214.51052345840273 -46.69839311213672 -191.93386349868226
-141.12059259399396 459.9800929273736 -244.48675217070422
22.870211074738847 -72.52955072758503 -254.866225328395
452.1651233598682 -138.0510067936045 -320.7233075534394
-1213.461655324697 329.9275209148812 1185.37755258663
-115.68893307885219 210.73106806533352 -315.56411244783146
425.2620313131527 -409.43740853132186 -335.46015245667365
1789.5881028604767 -1095.4908923153628 851.7325307984379
-57.56621084049627 950.0409374444956 -1516.9480384034987
-661.1306606874818 -110.16067899437314 375.34828089126717
-1248.872970019885 -668.8895848648112 2306.7821525341515
604.2135185828068 70.16928590506552 -1025.1812536256828
787.7483604949555 255.28048010785835 591.9813965997055
121.21595537338284 121.16103198663906 -148.51397265348896
-1606.2087781145813 219.8536745722638 -339.00299569422754
503.8637683609372 -341.23606443831125 -505.552067054225
-715.8219327040849 1768.9448275519646 -101.46118343427457
43.1836461062512 23.148541528435768 1.712319541076324
229.916993057408 -517.8144351875891 -161.78797059643128
559.6316075023826 1038.7919610358726 332.6674586217252
-37.510264791697 -196.33015373702983 -240.50684156735377
87.48960566169443 -492.33072596884256 -533.2784981561574
-731.6346258583216 25.77828644622529 -605.2726526540673
331.78095878952826 -76.56337538523692 -232.3265906284348
256.69783927573155 -78.66079298430768 350.89358743699916
589.598122183251 1.1184907075795854 521.6026593112086
-379.5116141932281 -77.80995911039163 -63.65969036314668
157.67803125724544 -294.7244665248941 34.24445468399775
-182.95804609998095 -36.14437738722592 180.5653405365217
728.7071739889401 -121.3216091563263 1800.9589777022127
-56.152378986638354 -109.01911066466275 -979.7591591727397
-1743.144260582024 -790.483522690308 1091.4450201790646
5.707640577493476 -436.7299444044355 -473.44366832579885
-1495.4405156961202 1157.1525926162858 -2496.885708147409
105.81631574834866 -5.244613584923769 146.374642904564
3140.8733938247105 563.7505098545048 832.399409078338
160.1171032065999 119.34305314107468 81.23007434777499
-64.3495367788568 -121.2641367417981 0.41515909965568193
1314.3196940399953 278.9374912215672 1918.2421040879128
-94.54364756180911 -41.66756578587728 2.361576985392561
-58.21059882934673 -338.2108882591291 53.93479735749913
-2053.1722552737247 638.6465312668956 -814.2276918381788
154.89860378922927 -281.890771998346 -94.27367881718517
132.90202147882235 214.63319610031888 310.7187631931504
1071.6918122780114 -950.1851977885614 -422.12528983600095
-1.0369788545954506 11.077356283681029 91.28802862276969
1067.4580739718926 -752.3904064513789 -191.0508102934719
-2606.0278834464093 811.4184362184443 -413.12667433506783
239.57536392135333 -29.596883408038625 -96.8276289711171
94.16938028507992 172.8557038648371 -36.26867238995308
-259.7428370750246 -118.15331058183327 546.7247787128006
127.87857747906287 145.3708396782506 -243.12287712427786
328.4684536496639 -172.4122649837184 -126.22920613946806
-297.9658081231611 167.1799906883837 -3959.0203714857253
407.668706721491 -543.4406726498098 959.1830964400042
797.6784495679731 -1499.5053204444055 2430.7410470946825
-809.9714273330482 989.4492812005556 -337.3123030936131
-960.7115733683999 818.9382845002489 483.13433577105644
-180.04267495161199 -256.35407725122604 -428.02885829890204
-1182.8137066448319 2992.075761748291 -1046.2162504570279
-24.74547428991824 -1027.0085860754411 69.53669393842203
635.4535839948417 -540.2979130946055 188.13602506124727
1594.7258157967563 -1872.4469942732655 -28.4532087800468
-321.98866621407836 449.79315432532337 328.8932780394872
-201.4039627615873 173.87600552694695 -43.429911126515655
-1264.3260732915107 840.6231772414673 -869.1436742144623
539.3679343503335 -420.0226256681991 420.9151710992686
929.0963713521334 -442.2760103979676 276.8124058678354
-369.03167312652175 208.58856221946047 239.0392226804696
-455.2918255509877 53.83726885899431 -276.1151684981512
1715.2894725751994 -495.5428190245445 1630.8256081264956
106.18544291093689 19.089717233166578 -184.45387537563298
-1731.3231432201046 272.58730075037084 -959.5146961236055
-33.00027204507245 -556.0017476556316 -870.6452772177859
119.06255054140023 -457.91877132961537 2032.891723605546
491.78141028779464 100.91144184684079 -252.28833202617608
224.91693717114927 622.5970874058858 -117.53052831926561
140.73487738455435 -82.38653802564274 50.74189291369236
263.344935634783 280.7312036366605 184.40814164334643
-652.1919046645814 27.277490579844773 -461.564056505688
238.37747165165325 515.3455135351911 -34.03894444419551
193.62278503374395 112.11923977930078 -37.81356808079793
-31.030078583403775 -1918.9635235670003 744.3078195241092
-242.32229059569178 192.59647669905436 -272.00723935721646
-354.5161046076766 -209.80490899094787 -12.3061555965732
67.82530471084941 729.3134744450015 307.5768179284205
-381.09420797993744 117.71309923952381 -18.156069196879947
457.21536060902713 -78.85598075080055 -456.49380786985995
217.5696267301228 307.8462939668768 -280.98776648388514
-167.25789434205916 99.68567060439811 179.03914754247288
145.41720498035787 -167.3478281189433 105.84040881677002
120.6048518110651 -439.2477763990502 64.26659936961335
-276.0995413680084 1577.6208469455803 -791.7633627460596
137.10108193035276 -336.02382316648146 238.0670760320804
961.7292735877868 -1078.9431074540344 96.91246471703542
84.42488535471664 26.857889668561754 -194.85176784845322
52.94105831292421 673.2173649920946 2078.613560270445
757.0335872028955 209.85703544736634 -518.2255158814264
-1465.5885239102897 -138.26005236828186 -1052.3883297441348
151.39345835491133 -173.85069864052184 -35.96702522396587
397.92184443674114 401.3023933608222 372.56918484100134
356.21543633113157 40.07441723257368 497.6562938488063
88.29936231672106 58.219277352017826 73.63470937641709
-19.478699851707635 1066.6510902086936 569.6781008348715
259.3807159850434 -279.87702055867527 -209.04473240806558
189.75114131143923 -373.27417103695177 40.10049905932931
-74.99986189996686 -495.1424853983084 229.27085744637313
-874.0278573673372 -91.7888082821269 -435.51080215195424
699.841055584667 -112.41442977609317 378.88348067446293
-685.7729305712528 65.75367878704235 -419.1105147852034
263.882096087174 432.53211717579796 -524.7754618913852
-2099.3349356105464 -3559.460696908958 -4692.3133355212585
497.1487505102431 1060.502370132485 1950.1790012600418
802.0985520189311 1137.8216986061468 2204.37114467026
289.94530714475667 962.2987624201141 -303.6538328513735
692.2834308304112 -439.50398291495367 1378.2184808669067
-387.2049542553509 238.65828928313286 -607.258629234023
-1234.2166804332446 689.4580142602318 -688.1478915523547
12.931495455647195 -34.981077745735526 0.6579515540654902
105.68866298243087 103.61257904556291 366.87825258850876
-76.77394478676106 -1522.9515588578736 459.63062418117494
-201.7865899190348 384.58746109090447 -197.88188110927823
-432.70881377465633 -88.04908470039396 -121.4919140544363
-1137.842220128708 -85.98422451004048 -717.7493535473175
-174.37357120490532 504.5106612411061 -276.09175062388766
2009.9840801495386 -136.37638033194924 1489.3567212489638
3119.7436426359686 -374.5865715565326 -3227.3905900957757
-943.103172587052 -348.14644585279206 1752.1576921455735
-1132.6081533771876 -665.193696229079 1309.3223363458544
-147.612217982873 253.8500436114118 -172.38512761438335
-205.92767847749982 1608.8482375960032 115.85657870396423
-139.94481066289376 -107.26170670762673 -325.55001750365926
215.43186243989967 231.55906822635507 763.387344040161
-365.3322982810959 -226.14728555850442 78.84892604217171
-180.71823603264627 46.702153017849994 21.217946496498442
-813.1202787606652 -217.03121264100818 -684.1986088893269
-327.24986017535895 -270.7665793413256 267.8110223855654
237.18629761443805 -105.76018131218085 524.5874457081827
1374.534130925956 -557.2702665286864 -1366.095871456732
-673.6373385815276 115.24680740641557 -13.724693145494337
738.1504066217252 -187.0067802168897 257.0613573754932
-1534.058560888183 776.3539632438285 285.3549884144903
1005.3394079560712 -146.03020097737704 261.4148184731275
-217.19772663698498 -73.79571723644106 -8.176604954990786
-624.3368621664521 372.0232862018752 582.0447972338784
200.3617224646403 -46.73019535926818 -0.037066787963718824
559.9852713254563 -70.89881351658144 -383.3472182811309
516.3134057727369 -152.580790283986 -115.17941915237205
231.46934553125175 -304.24118107027596 -726.9219953336636
-99.57617686350157 110.21857985846076 160.99725594717717
-577.1779771649617 -591.2851572144782 78.8865395480904
144.7632992135261 5.608941163573276 -141.2215202177464
431.5928953120308 784.8066158812121 -1165.1914030186074
-264.83806680249415 -296.6897406222172 204.23809047035044
926.7085633126173 932.9128325631773 -482.48445239663346
-718.6949904952631 -865.5061784221692 -130.12346566899254
621.176259375001 -121.98727946799592 128.21912343797896
-483.19370648298303 -555.7766564216666 1522.9783968886268
42.47952371494453 -333.3881486761847 -277.9181055226468
-0.3640159859350148 -323.0267709850345 153.07379606152654
-1362.1309341731676 332.6903401276863 -981.5540947507658
65.79860143517743 513.0674663946781 150.45083477271388
182.00047392492348 -120.52481586618427 147.03738577791785
2239.215979697968 700.5254265306512 -156.937673356452
-462.24724645416114 -303.60384073083947 414.88808747258895
-481.29540183691273 -24.96381568376574 -163.92727669307362
1171.415110019665 550.4390070808143 -113.45823672043319
-515.3834213260677 188.28187689885357 20.600430176127755
86.79793902164882 -654.6746552023852 166.79008059054632
-891.5176494511838 -95.75662252374619 26.392448970626816
1632.5801825001258 1255.8251859321429 2104.048659778304
-455.91686108974443 -338.6000053780861 -404.7747728243756
-2253.375330923918 -769.3034381567023 -1366.4679784418522
138.41703021327365 23.856209618544366 62.572347019470165
764.0074674595988 -829.2508267735099 56.440472843066274
-19.50684411530157 -186.5668424648012 274.89078600254396
165.18812705139973 -142.29516379603058 1.5827790698357413
-1901.0368269755397 360.90235023813926 1388.7065316317326
1162.7584146370007 133.63121451639543 -924.9978977129692
171.56263216538804 630.9194472630652 -438.6083564685636
149.20774915054494 54.162517668101884 -42.21555513897307
200.60792523746693 -623.7384260778895 734.2382340872668
85.93833072039216 592.5273988121891 -143.70305658278943
-73.83632742021254 -711.2464126746232 -949.1838996363305
-22.370755216755775 270.88077543056687 -108.62565794032687
-148.2515936642761 158.13208476616296 286.9426342783895
-1340.9389004522882 790.3960894732481 414.46154462507934
-1859.8177359882507 -98.70916307982904 -627.3656388301811
12.059296428396571 -143.59662856619258 181.26917398493703
1618.1606666933892 -144.58723632232562 340.48472833171303
-566.0087594120665 141.9963609546087 -311.27540809786836
1073.6944949698125 -907.7092050327996 -766.0305165029725
49.636536038457415 400.10422956440556 615.2032385951385
8.772133186251372 29.993354351976105 228.63852846412172
-1296.942911863129 -15.179873078789017 834.5134942986534
109.1032114309383 141.91835767502369 -611.5211471870823
2161.2478044178133 -137.0148717822367 410.29132628602923
-81.14802845877783 -80.52879857773245 134.88867775070273
2020.97422867442 -2645.680189041309 -619.9873961996432
-861.3534280872074 2304.4626257742243 816.8295919767676
-2010.8187807215925 1077.3814929087866 -1056.2111620689334
882.6977601324288 -135.5535593728619 651.4732871907714
-776.9974802195467 -103.2287170040356 -1054.1678730728224
312.9084727709344 -169.29918197105275 358.67496787425387
609.7479077831232 -168.4240989617494 955.170326099262
143.75800538157952 100.68009072980757 -408.05004823863464
-866.383131342203 -17.25419198144786 -261.61352686872254
11.017164360629485 155.0585145850386 59.56404921725341
-148.47179597002702 -748.2364679888196 -313.6438442356998
247.5211009555437 13.09712942910163 -129.98539363227883
88.27589688555452 14.004476145705558 -332.3124006653583
-214.80958999810397 -152.94859710456686 593.3138317635253
129.58614185788895 -3418.794784324161 -451.51001867953556
143.49833249072816 1605.3604123703617 45.241363421949906
-639.9292819795372 1003.6075146537937 922.0314191531206
32.32710681786664 -142.07781600242834 494.46067858490864
310.75972734833306 1000.0545277297722 261.68086539375133
-461.8944145163565 119.10645709154333 -863.9200266333295
2940.380683637847 -1763.8731648750174 -325.59761837913965
-836.3841809083362 -37.72036420030142 -83.42797385262926
-168.37092089527914 869.6411176740577 728.439107364064
-35.028365029997346 -275.2990793578153 93.012493554501
136.31208721536032 30.832460422695007 -48.047788177752636
-87.60577423254372 101.57016760442185 -406.69624964411963
-364.36969030026114 464.47868765356816 191.54954767915564
-299.75710315153344 264.0333396080678 -532.4906841428018
419.21593379769695 100.60601945222302 -3.7913757270573405
-418.58218450814866 -61.27211470830481 -6.586273614793982
-1336.9719654755415 3412.15295515171 1539.0143068782795
264.46505328638443 -2466.528736714707 -883.5773706987483
1330.570562871832 -2218.6949659031993 97.1796316521286
-397.2338533091002 379.4175124207366 -255.26924301126172
1089.7099848925209 1181.127107462684 -1167.016877569459
-345.20462861500823 106.35115825744704 -255.4098425081765
-622.9452644083502 23.64430705337554 -68.8856558762796
373.58174373118896 15.948463908742685 -84.65629904709698
61.46210475012237 -88.21138433809527 -83.42873468647271
678.8177085458891 10.794257833990272 1102.6327855338282
-387.8894956150016 7.187939284757344 -321.50292574256486
28.48586732953269 -645.2714408299947 -976.0849206124078
-2424.0940777532483 -1528.6776134541171 2703.235137866886
478.01009707624445 1946.90768372268 -183.3811476457231
1748.908567473163 412.43589135164086 -2534.6163619859053
-161.99045838510133 2.218942746421193 123.01123903877979
-2165.687831089349 -1958.0201465393584 -34.032435158995575
168.88649164673868 76.63939911782501 649.4518907037658
-698.5675707981524 1208.6841290415825 -1108.0009228506358
-111.63118686982347 -33.2128157983812 224.5816300037138
67.51599443825985 -1273.6231469189659 2034.3432238360076
66.11792585445055 219.32781382392255 -167.72166675500887
-45.97065560876442 384.7750200249793 -200.49897149678907
2.6241414284574676 39.728763985627474 -310.40185939995973
75.45792897334888 -694.8315109584181 -1737.5539551658585
440.99544820046475 782.6971783294041 580.9431234495204
515.1214283400459 270.8446511078808 314.31483303914104
-445.5724315362961 -280.8356465138502 302.2976689375878
-70.9668883070084 -353.16083368141324 121.44746502885891
66.52037752657654 136.67999023072593 112.25951524380109
154.0505959771673 145.2529367946499 26.227065539390402
936.7242296284032 532.0015383293445 423.06544110832624
-146.59165255334617 -1075.25000121996 33.81987171294738
1113.8155087755524 817.7461395798668 339.5529885339767
-145.0167725105024 370.28228163865606 20.245299814338104
1429.2656707770395 235.87327163415145 74.43239726343415
-423.0916953592321 74.43751491207375 -558.4143147377305
-510.45746524311505 10.66737005358056 83.68248606834098
21.73292309990393 3.61514419902869 157.5976004685735
109.23368175853862 32.49096525070096 -154.45554064289797
-167.22767660704113 811.8782232269714 -539.7605284180854
368.26113685846155 359.21670195490776 -151.05363070844902
83.16078960652041 152.56507456398597 152.45059629683885
436.1141870945705 -1399.9102786614578 1204.180246555523
-282.9786484129355 -90.98494267573425 88.09228854234823
-14.137109082408578 -7.636426691443342 -382.6584684248424
-471.5893979044623 759.8381183780112 -443.70231075244135
533.4484936630945 -120.28573695406365 -137.62612973590797
-500.7220494143991 -346.2848982668575 -84.13433125967533
-769.3411288683038 -746.033476307847 -767.6933937424188
220.2252100596669 -0.1631649923364269 519.5912719560253
397.0341655620498 32.63415472042119 452.12626411853296
19.368578947444444 625.7649448389277 -235.5090202848814
-2160.462281490219 -2083.1965333495787 208.7256914456564
761.5424975529442 1274.097523758539 171.40555076823787
1000.0721186750338 276.7468700364766 -1219.193283254303
66.54435341238529 -56.70227700898305 -57.336340097260596
-25.97160929331277 901.0750223218107 1553.5378193282886
-310.16928467450333 14.468083518736622 140.7298768165276
-559.0085492952015 -21.190191718292134 643.4158217927938
-62.21842368772045 -236.47591365545978 -984.9056901256075
-30.13526653101201 -1628.7137366389954 1102.2152883766519
107.76828486896346 278.99855396177554 -73.15561811814489
-137.13930988812234 650.4555161437162 -235.811105176011
-259.2901625647978 98.22016522116324 -135.47988196531867
-610.786355800155 598.355165387526 -372.8678488396111
-19.120950671681666 -25.787861133411628 118.20503799492316
-517.9955747064291 308.4384800036213 25.593929090469885
664.5518512573351 19.51565690485475 922.632456589388
451.5401793165802 -192.02768189678892 -286.99414928291765
386.0458086233457 -99.07953033567262 -485.279345579503
1.247751345564537 -258.66360469292573 -115.70680269815635
-200.24509030259412 670.2257514603053 -938.7238418466045
-171.38780498942876 -219.40401671256424 71.08295230183185
658.6898122829402 -2561.781046000181 -130.82775437496525
-424.15370113929464 306.54392014601797 -120.55140694177373
1479.630862469399 81.46886510617564 -1098.0782747344897
-79.77577951835667 165.83951740884 455.19572446437394
-175.44522726640048 619.3289397472558 995.0420395980631
-627.5224703161223 646.0269844691386 218.50452358327672
22.75083021042035 18.07301274740165 284.98724792208714
93.39532943534914 -1344.7884221026247 -954.3092094215058
-964.9095054052774 456.29121945759164 -47.89141272823006
241.86337935523883 -314.29829816932613 13.742368106462152
294.131883290283 -471.10587408623684 -950.5343669906576
-306.8229705005521 679.335446873503 497.37474921847013
-506.87009020463796 1120.844074124107 945.8307269354495
1655.5780639822938 232.18203874895156 1067.7619955652485
-841.8463844758857 -818.9484900540812 -1032.7492155271698
-538.6406467710241 -194.23597126584613 113.92485427612317
