-595.0993639562898 2572.9613129070776 1490.685640034713
112.87251704537407 -243.245227943835 240.8907930199449
-4.707292320808699 -525.1232871834054 -465.91220700900624
275.34477763713403 -309.8929910041049 -172.43562767530324
-851.5337561871125 -1212.6769772391929 -837.5222671395651
244.39050778201843 -152.17971989780523 -99.45996999577376
100.21099153587501 309.39930733701607 299.14616922786223
930.0456856707457 -624.0865196524292 -2399.2034062801326
70.03419197081423 228.02189390520735 1648.4092395246169
-947.8520910987263 -520.94980057562 1527.5712634503307
-192.70643945733462 156.56784200208273 152.56908722167617
1193.699460728877 -1032.2270183178932 -1615.0270561643208
-89.00852343556018 -104.34918245249253 -22.745206860693358
533.8433022346068 1640.940110777522 644.9064158453903
248.8099606239856 334.4151244166541 -285.46275276212594
-153.60255098329378 -188.15517631516437 135.12612684899727
-380.9443283299246 -1732.8383377099215 818.8766715440353
158.4526925599829 507.19181743389305 -510.1250370304749
352.93775391288864 48.408361375419865 148.26315100322006
14.200432873605276 -1194.0131984024506 982.7703626812864
244.95395631702456 360.25238725691713 -162.4544243715055
-405.05621272354074 732.6525981465343 -1594.4024726004984
1062.7334407679791 -717.4957588242579 1041.2411225306798
320.6261653787372 -352.9110713662061 356.086559223887
-2405.4941802221147 1157.9789849709196 -625.9921522770167
-24.84884512158727 -56.77068604934793 -170.82780663983664
1272.3270491450612 828.0639159100843 -995.3012298751987
39.251315144715974 53.14238214853186 -273.0248921697598
478.7695712923325 -1682.9650520122627 51.55516937483675
78.02604226952751 160.97550966344977 409.1422460929788
-1095.796172386907 1762.0153681157367 513.409757400565
-250.81935861328287 -706.0769099857845 -830.8888224470782
73.07700953698621 252.09054232597705 1743.2487357746122
-351.65705691441224 1460.5621087773181 -473.4877352386116
-129.694360393878 -485.66983181775845 -174.57280226820964
-462.5615033975752 -824.8288251364604 -765.991297386514
-103.1563572304704 75.25590824975836 44.825353917598235
-390.01334672247435 91.42687537429852 59.93217074062409
-17.66334695491322 134.50091749680334 64.78586050045288
82.69546204175332 338.81565127794 95.07664066193391
547.7003937021785 3.1001102060681243 274.3673661664317
15.481739130452167 -255.90976618087274 278.77403357393496
611.9359194130005 -32.24500655878111 1896.6273398922676
336.35839960852167 419.8001073465284 -251.87177956676922
-424.32851116782064 -705.0439704718932 -1763.5903142356863
-417.1237838536759 7.92383358584719 -132.13515950581095
376.3025067952691 543.8266730174272 -100.26500126509322
-158.7410238250166 222.07433565163058 336.6112654060534
323.1446488849232 539.1958542505321 -141.04674161312985
-751.8521270054697 -45.610454038226166 43.02027245112749
-117.95074461895517 301.2152315142906 -152.3615130675251
379.93359331830203 -344.21312192974983 82.6486580807214
322.61724617315434 114.80629552485372 152.86267742153336
-463.9081206638945 16.351958946824215 -82.4356605177351
419.9075478111945 114.18046089128336 356.99899346437877
-111.5648872262293 -21.542726238537792 133.70115105151731
81.00426571553866 -1501.7388253282647 -1039.866064721575
-283.1901093981985 -293.0206441756432 728.8949772223178
880.0660734215784 2190.242891037066 195.91724986713865
-104.5066502879946 -605.7190712118506 -184.50765783071444
-1583.1499746414122 -2063.7587284816505 112.93434784248696
100.52555185149264 845.6736921561811 169.201896017781
467.2221391158375 -1642.889619822088 352.5612534763777
272.96307251980033 43.40528458696671 -138.72739679268844
-386.73656861979714 749.8543524427848 -634.3427766886335
-939.9636605062632 933.1667698883629 303.6292065093722
183.0062359573381 129.96230360081026 422.21735818990993
391.3330543141645 -309.3613793560303 -43.662628970232454
955.1421796384054 988.7291609537634 -873.5316371394897
-115.60922402568268 -622.2987456017028 105.6599197819917
-114.38424631366883 -357.56418913135104 574.8709390920435
586.3603286848769 1273.4302672815488 -329.6012299936005
-406.90583944141383 -449.51110567395284 -625.270173889845
-121.06935347505899 727.3604463015822 -479.4959355250314
-156.70561019876038 -154.99456330889288 127.92926598344859
1039.504694977816 -2722.557056380317 1982.8600149800009
-175.99089014105488 170.07094982388554 -320.0998606139855
-980.361831060209 461.98257539089536 -1760.1147013914053
149.78342221052586 -216.15779350522845 126.62053385419138
70.14815683264925 385.61514718861713 -81.6513561424585
1668.270583145811 539.5775477727058 -756.609365063898
-1017.5662692151317 -414.5952063029605 782.1366712424576
411.7851148403277 -1660.4253281121378 327.55929684497295
-452.29401172583755 90.17030699064179 -167.98810798590108
327.8038214269617 210.9863359376488 -148.8794269735469
-1079.269877141084 127.95213931851715 351.6165285381199
718.8324706039263 1322.4468231634712 -149.21228277529997
-154.07316774984108 172.11667616243994 338.0387699116232
-288.3762565207538 -103.65022626841308 105.31112950420105
-37.95730741701981 -323.2956795500436 102.53581623062618
583.2925440226372 605.4870138612746 -1402.9960418620205
-209.0497965333603 2.6995082094163436 686.0503372914683
212.0905516805696 -383.47918268075733 166.26256728527343
217.0034089026612 587.6888290661408 327.3044147074637
-565.3376503019318 -576.7552958685952 -620.3330124411457
8.300019101247525 -256.02512340497 -58.03582092696807
-282.68075008093984 1038.3548268383724 761.6725878500065
391.7568884069254 -440.5449190670169 -282.68133619628924
186.1212338342657 -10.189301024102088 134.9750896730921
1313.9255876518464 -91.23433540565169 -508.21403252234774
-252.5569843361494 302.011702978604 513.206206081971
-350.7203578303055 -469.5443682597931 367.3590975205793
-1182.6860601987091 1523.0616165865456 -2181.610029882807
-920.8955991849441 -1107.3998335071822 1638.7161453269644
1156.6276905808718 54.87586508913892 -48.342672260916046
-206.20830274646187 130.69443386214007 88.23358621044729
113.08390928687895 -55.26209039396607 434.15177548674967
1663.8266020003741 -708.8258471724525 79.97803194254017
-123.65243096137125 -36.95088036620095 205.93444754156152
-1659.8276928358405 2292.870477710634 -2041.815203012828
32.30261306797177 231.2131315237226 445.8237293883757
1024.1107863270336 -926.3894273253802 913.4495515046802
126.394685891637 -197.5034590223462 205.46097200792863
253.188500502599 155.42861710202772 55.1185543356165
-29.08985176395314 752.2798975634164 459.80946760046186
186.85419566849788 -55.1970462598868 -11.502845136299959
-780.1772114872684 441.69369100380453 -702.8333137633534
403.72658209268747 -1196.916330543287 -146.25821960847574
25.550513940227752 -299.42815780237896 -42.90459986877552
-261.0561809998182 -16.409635434443 155.3937540323804
-430.428872937397 427.5763489132422 348.44378414531536
-265.59085485146403 -644.7855208067162 241.94854660258443
-324.7678437355864 583.7546688066641 -612.255181541803
206.75898463452572 1172.416870765263 319.7316591945843
49.15479021901086 -269.2357790535667 -365.69211853191956
233.50035642703546 -557.9606306583013 599.9492422342101
259.52049897878794 -35.883554036502936 -106.01878694494734
-463.3345666746603 -1423.0636805868378 187.12688791660062
817.224311494282 635.9128432002088 -659.89321798587
51.324047074882444 -287.66987019172046 1276.8773054136836
-355.2314618882063 -359.5191552315872 12.687925950210266
-116.75219073808479 104.97862852373802 666.0021618360138
193.97251195994843 -586.6453825940789 438.84218506689155
1325.4914187684983 536.2973048842881 -767.097070688286
-67.19043003071695 221.43599314012798 -134.0059482597295
-118.1801003319539 -24.433553548547295 232.20774081252222
-479.8672286002444 628.5237742514736 -1014.5496977616006
-712.4596512165641 527.3428400498772 -1221.243113847515
834.0903251573766 -515.7219575287264 628.792947680351
-30.67317053205475 36.69753382231579 -96.45921185492591
-229.6189046172967 580.5011927215405 -253.67769740119147
-333.4504761212011 260.4202180363964 774.9851569094599
237.18696538153748 -1363.3198374884596 1046.0240881753712
381.010955646505 70.36780007698405 187.58631928418808
324.98935859375644 -1995.0683832755306 -239.58618559382683
-542.0301047167368 754.4414174305822 -1301.9517792561444
-597.5198658458088 1213.3314318205312 -1019.7327095259138
-299.2309744842446 393.4690728301081 126.35478836950148
-1172.1755288247052 -592.7992485656805 2832.665656262104
291.1598812485072 347.4058708383707 -659.7704231767234
1283.9499866964861 -1576.3367574457106 596.1204767086189
-254.3662583437939 263.94303262045275 -109.136797768975
-65.47634743134444 173.7887962892802 -233.76418082319236
86.56337349254959 544.5966296670913 -1444.362710742385
39.95197478687034 18.23924858290803 13.310390461064747
-191.279453658267 175.00495385493275 324.68533308568846
-1615.484771395948 -782.0233386532332 -525.3097806163975
206.17236224754797 165.9098157865216 93.21669735726749
-291.4701276148643 520.9498325112042 -77.8829766755072
408.90745498498757 -200.1256035502245 364.6653285688363
228.9572675949326 -229.21068416603353 447.6695483005973
374.5444947331578 875.4427150254785 -213.7889424755345
-853.3739715222783 132.54462116741024 -253.15021938607703
-180.782719908096 173.52096349127578 3.2167791669604875
604.985917217031 -53.00027347673838 148.46591603814656
465.96802545808384 14.045022005244455 141.53169928843784
228.96750140507137 -357.0902842134195 138.21997284844352
-2.3761556123864485 -190.46835301666934 -148.2638855023278
344.1034524215363 811.3719535025638 -1617.1557510724074
-574.164615603184 -266.15042150490405 677.6159022871203
172.17458878352494 240.5096476965005 -5.49197877823259
106.50033730548266 19.4922014428503 190.0072428408105
-611.2419882697278 -1188.6847400005397 -1475.9569660288062
351.39184587016894 224.10795713824598 -37.17024772456012
1963.6816229638075 2336.195877194442 588.9424233211649
-93.26548001594291 -268.36197572253764 271.9835263688945
-93.42398540066823 -216.70026719401375 -255.56869868334775
-633.5551244610318 1067.5624139593676 870.0901929588487
-214.16473744821192 -335.3576514932936 -70.16390064695675
-285.5758663430095 -295.52367583366606 -746.9893377698799
-250.52446862934488 -2780.516169642974 -283.24265805115164
238.5310387095183 333.0878305827549 116.93793997252408
-76.42098054518371 1308.8606060994684 323.59414669062863
1420.8627660718198 -1556.158686924922 1611.343792711043
-746.2437150959562 286.831519498283 366.009201408153
-1310.2371125091386 732.753819397301 -1859.1527401207643
91.923336610785 -363.2132090245341 201.70881015770243
2025.208458640538 1302.158382706678 2695.467908448655
6.6662183123246495 -44.57214381249437 -58.7012418827931
-1522.7555104012788 1.9285963828019492 -942.6241843852155
184.25912502607113 -172.44143459133716 236.21349839092565
599.8692108128504 -182.71967685936292 246.09400453218876
-1174.8608516016327 1228.205352568791 -828.5122278917895
500.7473515970129 -593.9950837809743 -117.51201985409499
67.28889621833852 -256.0086177740261 316.5670528707622
1361.574235153738 22.49312758415632 1782.943125268635
-156.07282959017857 225.01971940435686 -465.9562018649421
-756.5572182555632 -177.83371542138173 -1021.3901844576421
798.1499100584936 -1381.0153692561207 -2085.1516027516795
-517.8192834077407 363.179411521627 555.3162980325664
-2442.0243277734066 -195.18357343772257 -718.4336003608097
465.2112540679962 39.83952420683386 374.71084409771584
610.4453181218825 75.22591595449347 2218.425374495078
-65.959166932477 -38.40017702503567 -28.619062229441354
700.8375921984076 130.06421354559174 -1521.945456370184
180.34955624863414 211.564150705397 430.27120672044424
-58.88608377285769 -300.84525874696544 316.91287061546717
-893.2598003900919 1008.0237426758838 -372.0712474040678
-238.70439628584393 111.80944676871344 286.45947040811893
949.1659940978149 -1799.0728359174977 370.4471611712067
-137.2717425281552 1000.0950452204067 -12.250928833931026
-206.97049427414885 50.18170253338585 -422.948060358564
267.8758872824075 164.85915390419478 236.38735419190166
330.48548978530954 423.6968226489342 149.55824982055523
223.32524697644067 -428.74640519613877 -346.15965723302844
-473.75341886369324 -35.31826066109483 106.08084435126905
265.811868204413 -176.92990829647542 150.0535343093767
-840.7267353098949 -1941.6599259299046 -2363.805950316243
692.0639979859365 794.5788169844776 1500.4176111818067
-491.62876895215334 614.039643308727 194.48353269297354
87.43164933564744 -373.03282106027535 177.7956043176239
179.1043629198901 493.2832167311065 -872.9781318573238
-284.5232925651593 -331.1749917846025 318.73439987717023
-346.98230623962957 -864.8533880983151 1489.887605773072
-181.58320013810075 -118.62603513797276 261.7879030185641
-898.2199633205893 154.94854659970295 -302.0916304771241
2124.2992178789923 769.0907524441868 487.89545007047894
167.073714170189 -311.3331826738647 -639.7330731371006
-234.53766411465014 424.3528984199604 -178.57801279005963
-530.1423363588902 1389.0669334311945 -127.34407488879526
-36.602245947708816 -261.9261611562228 62.9244436552193
-78.34263298377223 -524.9912283608171 -27.930396660453653
965.3820772798421 -1254.0090927576575 497.20467817971206
232.9365794433859 -85.0486296787335 223.11298133475017
71.10960294366524 219.1082996382101 -85.59320093356993
-1220.1617039153718 282.2811641695387 -533.8888348410517
68.53620448330011 345.21632733996694 -261.3721753963131
19.87167995906201 109.27128892684493 -25.693681636132897
41.23172158447209 -77.33563108377781 -189.5071735615351
-613.9421085199517 628.7814222618968 -118.31595173070926
930.9999010924264 -38.404574812254495 76.8021688035966
1633.5823392230302 12.872468935876181 -2110.577642123709
-65.17613569781047 34.05761072445619 223.48260218877806
-1896.0798499106015 518.1794740493352 775.2759893984718
-197.3408352243318 70.28008546568512 127.91445287266099
-111.2963317951245 30.580850898516665 136.58795494443171
356.4622054530197 234.90047306141977 -103.6324087901452
150.06071715820931 -133.0169881999851 -327.4860244435027
-834.0579071973606 -378.0255107519799 760.0258769212354
258.436812304613 147.04684558117762 -92.55769299659293
706.5751384593623 334.65096546333865 -244.3656109241963
-1146.8067809971458 -748.0322116046193 1430.6423775543703
1292.7822994883456 435.4498161708137 -1678.5105800049166
-15.87306949876438 -13.543643932898645 88.00094957255597
1178.9598808325136 -1419.0920278529402 64.15800586457715
-317.86547957898904 844.4766866919182 -414.84420274244343
-1029.551202781856 137.44799719675927 -66.01417171668558
52.236658800537455 -113.49695457313614 140.06945994295407
485.54512695991104 1813.5945591988548 991.0965433709256
27.346607468824423 -279.83925458830225 124.5499584194857
752.6561805423958 -448.96340332031616 -775.023213084758
-90.24007047089762 -355.92013088813263 20.785651598534344
-299.69873525725245 -106.54928896611834 -257.3002920501511
-76.04612280048646 543.6691971674571 1422.8898647376052
1084.6950293408634 1291.115491201715 405.90550834154675
205.5094952541368 -446.104578951349 -164.3740422804167
-965.3222395843316 -1503.36770722098 -1163.9877072462393
105.9999195548946 167.47325242041714 -95.88276140674691
581.0539215474004 -574.7799725991478 -173.85871512019688
676.0394409284775 263.87426481782467 -198.03005707632613
-635.3472318652467 -299.834405090253 496.8296014241914
-14.974873847272594 45.984295008828234 -715.6903397327379
-1111.8466434929796 614.6999781020429 1279.976564721648
-88.49220429895378 163.6334000740065 -191.04956837859234
949.3502194615236 -1681.1133548461119 713.8277109251039
-686.4088112116237 830.758165337374 -635.5553468733266
-1517.939429978172 601.2566127181184 -1501.0424627361083
69.04202983701487 -316.8890805539281 229.81912668947416
1225.0922614302524 147.82592511577636 1753.4522500182704
154.28674516718053 -155.77509111475865 75.76754195388739
146.44814673343043 993.9684316587321 -725.9780773882168
107.20867081635065 49.49227916672878 -126.05750483133005
-36.708106042657874 -88.97362080719947 -65.19825285890833
-1323.8902265090958 -2062.0828243200444 1554.857947306025
-187.00481208165752 807.6407713357601 175.246382315173
944.5134784370828 -261.70119522768243 -1162.9598455903538
212.29353978736307 -140.6970128376127 -41.864327404853064
0.07378947577073787 104.3556850422832 -137.12176172271953
-231.0789270130281 304.83193119236677 394.09772571816785
1083.001085988372 914.0436816733015 539.4431313626612
-523.1739836762603 140.80306777369495 -472.6555084319243
-415.88471214717646 -556.0339178111126 25.994767644999882
-116.34563863822859 -111.37689217016981 -708.3963889285722
-1605.8051236777674 42.68818904783973 -2525.549922511825
520.7970349206109 -390.2625712230777 1508.171743656551
75.38491663884125 178.15183988167595 -1145.080624238131
573.8783038272568 503.9962078292345 312.7839664005873
-2098.4450213534074 915.6639177658553 2916.4147494538947
-439.67935113356333 -448.20269208950015 -156.41723191997676
848.3557413320674 684.2730815799313 289.9465142904547
-223.65196050480623 -109.45912555313836 -77.24459856668196
431.23623355212993 50.361934883606835 -172.47830889996737
-414.46322268621515 -1057.8732408356773 -102.96369343411759
289.10805084066584 -216.0004778482124 305.39526674995807
80.64553020886359 208.87212670480395 114.37618691574883
-754.8982407625541 201.5301258571118 270.77072910479205
175.38733931155406 193.34085151579285 214.00501955582854
-104.57207915916916 -762.5900195172925 -499.7583436942858
319.25806622234217 -117.51805198844293 -945.6542954683198
244.8138531759799 -131.3503743168502 27.06216936102864
152.39678461888866 599.8038297535177 618.4439663192483
-397.9870029508256 -238.5763157717068 103.45019033853463
95.72592832374251 209.6323705286445 -339.3548681965289
156.63857983563875 -35.98918884251533 284.6890096647376
-203.7268767180058 566.7379602847083 -79.05927286456789
2065.144487968127 -1037.057391651807 103.50624775286953
-50.16590164728534 47.81789978551728 -97.3186434275182
-278.68587525879497 78.81089406049617 -1867.2089342090921
83.27786046307804 -230.4799612547775 132.96008297522457
1088.4760314363623 -373.25934050045265 -746.2484136193616
120.10744126018996 -26.458750061458733 30.410519418746553
-1050.4667512046879 893.7461132693239 868.2119371005817
200.7825776154273 -7.74952585205507 -45.07328574093651
-283.16618707861227 153.73772889539504 -227.85956452207824
-785.5108359395241 1320.4655889914254 -1121.0156237737485
387.60036943383346 -476.671957843302 69.70955649330375
267.67161786791246 -153.0663837756481 -108.76178036449505
849.1482984024682 1728.0344313682606 -813.1139186728732
348.7245509582579 -328.880213070925 315.2311206283148
337.9832437084574 -652.7314727669494 610.8155239753308
-1163.145132143402 -1855.8968155846503 -793.2718869256263
444.32691865086224 185.41440612728843 -41.80002736242421
32.48139486422837 48.27691483290125 201.7026620490643
248.69113252501936 -678.2905734876133 735.5316078739073
-203.0347466798793 119.46020635419897 254.9977490162465
-370.93990400550206 175.4653130834563 -165.92943848588865
313.1376384210617 358.12675486455964 91.15940441840796
-422.4931173141922 -11.020443665867148 3159.771726528108
869.6204409648124 468.58102582998646 -1466.5444865158468
-523.2161026333112 314.5685615716851 471.0927009617904
-341.18385212012794 -546.5288438586845 12.907690426458847
952.2552129528078 29.99307595708703 -1306.364602226562
-117.3225679784019 554.8167612071701 -262.2927689679504
56.437889122987094 -989.8057220074215 493.212753435634
-320.6149412158734 -220.73090601978987 -45.98255470442021
-93.72226448186402 703.2093813195922 -246.39239234367517
52.887288663607194 -9.577266728342606 -142.25492623249337
-65.30705536300083 -304.4054233459761 25.023682088371512
-35.08695665331958 -67.00508331064225 604.0382217410612
-46.030673177477624 -609.1236421307002 -1017.4354177762951
166.3889190609139 351.6846259666252 1059.523034213025
310.24760851317984 -204.8913858117766 133.471792059094
1068.8587933858173 -912.435072469811 3127.9107912588847
-1021.7935216894325 -337.377132073615 -2705.222919284578
-1206.33252994478 2065.339995460099 -426.3790825172653
145.8960216553714 -445.62751574085473 143.44679192510077
-632.6491208736614 -430.72300971753043 -643.8421245659163
372.50479086697186 -191.01410121131613 377.37120965363573
-59.47753822667258 49.705944637728244 -8.501549585495077
2215.7462927967263 860.205946818961 774.7410551852596
-1336.1851924120779 -86.07242731636259 -1196.5721992379829
-11.39954576814184 -346.8641057399809 -245.04677327732688
135.97709537641978 382.7509743166949 296.7606641540505
87.90218658467317 -386.3054640760087 1804.5360632465224
290.6208179414464 -153.30619806046846 -244.6512236827822
-1694.9313209293266 212.48584753071432 -1207.702920368961
20.966302453846225 79.37556995307317 38.07979771108875
773.752437472445 -92.2753248024252 1052.4958158383138
-602.4009436999978 116.38574522881154 153.33143506067444
90.34691027382068 -152.66471740495092 34.039272479041145
492.2947226025357 16.791432154729574 -718.9819903674276
147.83446849011327 236.99355183737234 -94.21193611139942
-42.56824050910771 -122.11548191229589 32.93683030099541
-256.3262824359167 53.16956500954257 -54.373303586119704
832.4219564843143 -1728.3356469106266 827.1566463917659
-342.5772331973607 314.0227963735513 -670.9089474190707
-242.34937361704246 678.4891382270986 163.8630378590281
-162.77608096039347 223.99037277322722 -341.49106674035994
970.2989549937728 -893.4805534038829 -1146.060786803832
59.556846389677844 400.97088485257177 446.8373535610768
-462.82683118864685 188.02583732530385 408.83152224586365
184.52501598926972 292.81720879136327 -250.0954029075529
-1078.2264777739958 120.35695726941127 854.0427304899699
38.89084395294139 -853.7832720259232 248.5493259594018
-1479.549573560334 -339.5428014104938 -3534.280058597809
188.2228082701744 12.848778248694206 151.6356810613233
237.4042983448948 1189.0275904229445 -337.1650660748888
154.71996568648964 43.211093281644246 15.238374141787755
121.98820470381929 -341.90135185847527 18.782110212364394
81.1409806964753 -102.836676741128 197.2001095961278
1454.9626702935334 -24.770817452839875 1989.1586540083538
-390.0695316125007 58.290211732204526 -83.24892128221316
498.10288235257127 1047.4701867342744 840.6854246678903
-1041.7601499962063 -185.5800983975334 247.2464537029744
1290.417707328746 -101.27386753761108 -480.63293655416044
-218.27321463103556 -272.5197317600541 87.57621486108502
354.73575027023537 975.2491291277889 -1094.3929354522204
-13.353772638476945 58.890023139920615 68.89716698373194
-494.945807712824 -1362.1740983031636 13.507449876060038
16.07686925868584 177.79276097627246 303.78689484319676
386.59167063063853 233.63705141479224 203.07777967829554
-1730.046517399401 1001.6420264102267 -867.6239498027799
869.0772661036987 -296.761481680331 337.7882026660863
748.275276293744 -79.279038567147 858.0513396249927
-147.11101911587562 0.39434926864636 -216.4012883072104
153.74235065239532 36.71945674999616 -60.20838255590016
-3470.534517169344 -192.32560600546577 -553.9710212432842
856.1132679247082 -166.09869033501963 83.23906660105138
1557.0737276907985 -16.739234639512073 -370.9689342334256
12.010498521438292 -106.21765404266566 141.8845372602104
293.66821047628156 395.809305821044 2070.756866345017
28.037003275006473 -51.05352929800621 -863.6460844052864
-775.7699300318195 539.7680632273775 13.312076932399027
292.67261401508335 -265.9538543129573 -182.65063441106162
94.27150112438898 -216.69875451922036 96.71170132020177
115.84200976653342 115.79572945892969 571.7675832728701
-39.065285135184965 -131.60741545069 94.07583419423928
-221.1662330742619 181.23486522585185 107.00474488007274
566.5005207997694 -929.3115344978628 -1420.1035266583958
40.93486273229316 233.21841452691334 324.5363483371345
-72.15801830253587 164.4970100589861 201.86824671547444
-372.5546558931419 486.9278853898097 347.68881478834845
-1039.9325365684504 -909.0095210391329 127.24186450975355
583.6920556022434 -321.9104521197244 -583.5469748769473
874.5917392443872 1268.3376164319543 147.84370612121643
-66.09862081471694 -205.17125063813643 -416.45842080992
1887.2465822402332 -1574.805940970988 1189.6825636374913
-212.71585379685246 84.85957362872496 -200.48633975121166
259.46294393674924 -235.05151759134066 473.05522011281136
-187.02177827155893 -25.536963552129006 78.13148800616072
-264.8874439636383 202.55159696418187 -53.2290677039625
-1028.2635900335638 1372.8549520091537 -1731.2435920993141
505.8398375915024 -15.565104229902092 -27.166283344286946
-26.566053672901518 -306.606918253641 577.9844854135246
-428.9045579790552 -629.7541711765591 2485.756616544706
322.0832408544445 117.71607138392591 -2515.769853064294
-56.346016131154364 -77.09691278680103 -68.18054528458788
-1604.308637187675 754.6744171739474 -629.5843436208894
42.043763336810905 -750.6009378526602 -586.258618724259
982.5978986326784 437.4330237027002 343.64105551541144
-109.39474454037746 46.14687305840845 14.858457283723089
-0.4191681586590842 1667.5045792675173 882.3945516014434
36.906135621538525 9.751070603780471 343.4002051546286
-795.1694601437249 -315.83379603195215 678.077561162975
209.17573801042525 53.96459087269705 -276.6692714687471
979.4343809258147 -1087.7337732813096 450.03037420006126
5.043941294235341 299.3806194241708 -758.886254690755
-772.0689992613351 372.0634487921879 -333.1692772211289
-390.00137199014046 60.37906543357555 -78.71899488243224
391.96939697381487 781.6329392771954 -584.9770853592065
115.53751663014162 -62.24352096691047 691.8067695699779
-206.59536310717826 304.16714551297633 236.14618072100913
133.6541984562597 -292.7838985561832 -351.4114532237445
143.45401650054006 84.4094875191269 37.215172744300325
-45.43902644446043 38.05299205836667 -229.78332873377514
-259.563451053462 -301.6735716115889 105.87156409210534
-754.4346215554843 -444.2356769066097 -63.437423469840404
743.5813347911991 -904.3166306915829 -900.3123980878622
-45.676043205239814 -391.072883964841 -613.6901962309387
213.02477836137524 -315.4911101146117 -128.23792729561998
-1747.718861648418 -514.924709614509 1658.5839714384233
96.71247041178857 6.9823291431876475 52.635107585524814
416.0934831835669 705.8317452072848 -1569.1231809077271
-290.6711554520143 127.50850752400969 -381.10492638813645
152.85398974723452 234.67493058559876 96.02573224557169
628.8457211334436 -1512.2706993693946 760.2022484151939
-92.09650518713634 -86.71082565591996 33.26361682284002
-202.45885215588558 404.37009084797205 -165.8245186084667
-781.5917827984257 13.738417763074587 733.5130314091494
429.87757985299385 206.93943999620916 234.27046621197758
-75.12524404908443 246.90308929633278 97.2653476983031
1324.779997968923 1970.8666300082523 -3187.416053019567
-18.3838714236576 -348.66059292922927 275.9514575871445
405.59640365661687 -1803.612411546942 367.9289895272212
-320.51510811321265 -558.809008106268 2719.5619987152586
215.24167945489398 -43.47401299937775 -219.8660917524832
-310.74306481134823 324.44381591116127 -54.00070698776793
-838.6928605877636 149.35653397524786 673.3769974692154
-33.96329311955327 306.19072141423254 -452.0580669477807
-58.30234870865549 -60.19685063705422 9.28756665641483
1971.94181043667 -726.202137192002 1182.365234872592
-880.3358384398507 2119.6455354605323 354.02345385250607
-26.993337798345582 -1012.1656465970742 -1654.7951255020598
-116.58651128004357 -44.43717894896392 -198.4289336071353
795.1109934027925 681.2008336703636 2145.102210797714
-143.7573095184834 234.32484452091936 -403.0265996394204
861.9143310159943 -1274.016469273337 -1456.9315113270973
-477.3807231019122 121.113320674444 -270.3805727275825
-347.05920978051324 -38.54572784864733 -387.0387110399193
-102.15411021452553 123.45228243027256 622.2655965119247
741.6865038388877 334.8086363804964 422.31565877225376
-101.7029172707716 18.172545553331865 -713.3050008425417
225.63604361046433 1023.5871502565572 869.1229903885469
-463.8207135854366 -186.26033545341147 216.11124324523894
358.3428474789009 161.3695570846789 -55.935761882729715
-585.2187314857339 -936.2468912602505 146.3633947998465
-134.41857741036623 84.18551983882614 -20.335064947513754
-310.16769188661533 -122.39888791355366 -43.79700988491265
6.003723517463214 185.16392650094653 48.76292862369238
-661.6432949705609 -824.482909179401 277.1902179114626
254.2394533038152 377.05736312731113 -556.832090493909
-386.7488188234062 815.5499300608428 -1336.3694929702617
-440.4725853513997 -595.4603056321746 257.0839447819618
2428.399435728434 529.2567828334359 1438.9456441524094
-646.5017585700464 -65.15251276241871 88.18374129055347
339.83154344517783 -584.8546332572507 -137.6652662133843
-385.08153583676386 24.24473769754647 -51.0134960869375
-177.54308671518697 21.084099876791214 -301.71026745471056
1231.0191313489463 466.88140329669073 271.09369528383894
-648.738168635999 226.63445618739897 374.1242807284666
-737.9367030900069 -599.3491842963301 -547.2863381791518
-464.15804537129566 767.9079123534068 681.6574825263033
-277.5481915266759 -860.8905772469722 -253.19803341664888
219.1045675180186 1211.9566320207139 -1556.167387908635
-106.23547596556665 30.518224575854262 -85.13735317399951
-173.2916996784554 -1873.8810308485706 870.9884647164444
300.90018607815176 392.9097915416518 -332.3578247465605
79.41984099977792 -76.73109210952212 928.8577259580778
-372.19478754670126 782.2537508946727 -91.15570903908785
520.125613384439 19.404009548620255 38.153704751154805
578.3701880976739 239.9851484108563 1667.3588354471628
-1337.4449291265032 -724.7136642191467 -2490.379457046716
1609.1303648246233 -677.6572736462049 388.80778889300257
-721.9595601289935 34.99888864227844 -260.06561256054323
-26.55057642480708 287.5909904897076 -128.39512208830578
629.2708747433675 1269.8328443885234 -815.3363878363649
-666.301053407416 -1190.8364585489921 514.2710257704476
-247.35305410764934 -65.8821878774847 793.9720520618528
197.48191825813595 -76.52711435705397 -453.81605837620447
-697.3702642174668 268.88319848954666 -607.5113523758719
-55.904411245151536 154.77767517232462 66.77052869118434
13.95516909587342 75.16559665752834 89.01078097861455
-252.24214925213622 283.0259560916331 654.5560495782298
11.778080143282246 -556.7014004213684 -722.8792535740884
239.7973760566172 73.362789910812 375.00627818512737
162.96547144721143 288.6492269538168 515.724655092645
-338.12128903359763 505.4976821278359 384.4214926179124
-208.59863246854985 -20.673128850043277 -21.339951696627317
1146.9094123495763 -49.58410412399596 -316.35649945985614
67.59022976113667 104.25316068255208 172.96694097776677
-567.647808541225 -174.24789286323713 -112.41160484099544
918.3477129621689 522.51812827122 410.13791278704343
-293.7677486868769 -96.48009002752983 -172.0675421330121
-155.39327269507282 505.3860108711451 -512.0026686616624
-1253.2507223799175 -601.3204962707308 26.414116879584867
229.94242411251165 178.37757590121035 -54.42063754256829
-96.40737183006375 110.60612827541904 95.07020976268262
844.1438670583675 -313.6434413758997 -56.32442673855255
-157.54883446638672 366.407662349838 -257.8102965288693
-1702.7990323542795 385.22665551180637 737.1327281839833
133.9242061186549 1341.1788039282292 433.4631568204543
198.4693243862766 -62.90193010782189 193.71559451343055
-92.34523928277572 137.07000747850756 -194.47160151157584
1092.6118219227658 -1362.4837577509643 -863.1788583767819
24.497552470447147 326.14654360595125 203.90082470583462
28.161455215697927 -256.09192316291166 -32.755910873361
732.3444061825933 452.7687540221123 -178.86931380280762
1.471954952739874 -1611.5075842316917 489.0887121103092
-1607.7242699476 1289.3279251895353 143.82606343744283
241.57315199347644 -171.15031155105478 -56.826046652069955
355.62182140355156 -1165.473197568075 465.0316725138321
-130.9321998326344 -48.08886361329093 276.1694213277004
374.7056834802792 -1016.2380973311964 -1235.5604211568184
-42.3595271782224 411.0584250586993 6.1169161536687175
-495.58087288630867 -109.75802748923452 373.7557922178891
2998.0049915711925 33.54279971062559 -1657.4419613927098
-297.4548363060334 77.17430434287769 331.441296398231
-864.8403089676485 -504.59489042281115 823.5727433393989
-119.06234120526635 -339.34641365619797 -280.2966875812281
295.6380113479494 511.2288152686224 -240.6055340595676
188.34439317607 241.844593705537 -89.78609700131447
-1424.0000136843066 484.5858785255662 1502.3554633390168
502.09518939560644 -208.0040814498308 -35.713791162599215
145.97560945255375 636.2966856295491 -194.25900501207624
-787.9040980607443 50.642677376010106 -347.31233655699737
-684.2071238562054 -308.23809542839825 -783.3642432941135
849.7829464782093 727.0027906254147 1032.6743219061889
1745.3175023025744 388.96828142473413 1856.8885493730884
-309.89973098867404 356.9943278462938 114.68923384568546
-330.13162901008394 -737.0317179669403 -2368.2928816991794
-534.1241593462368 118.87928544245139 -234.41702116878974
150.3161021154074 180.37052654574896 237.6003365406808
53.178874511445365 -594.5595975790574 -92.52571337586096
-351.6606498704895 -35.51180166682958 -392.6955865453361
-1198.8701494610202 -181.99840427907117 268.485529753777
-178.44170660631872 416.57404541153585 20.551101091084853
810.7341985387036 -241.8035714313399 496.4951459700094
520.3321349601032 -1682.558053027536 1601.8655627759017
903.9652605648298 749.4429035125679 -1144.9198008321432
-856.238491678492 1592.2252417309828 -751.2934087475911
999.9601750252942 -384.91283776222684 -1346.8144531672
-329.78864225022596 312.81583759633895 259.44719555127693
-1052.5326763852613 51.68983737797716 1647.1637416374178
-113.15088447884557 -345.3729605586328 -486.52063285809487
997.9980857390733 -415.49417143392776 1613.1309086625724
-961.3987189360437 104.38791314549378 -460.6814012900303
1334.6817105278215 -1964.171770426558 1318.7804667789148
-389.29331877559105 43.445342952057814 -480.7658088447031
391.2781964397948 74.02371265548739 107.72894030142409
407.4335167694763 353.87082987836015 445.3654456404996
-688.3607903678575 71.77587063481137 580.6747361876802
308.05831323553076 51.855927831549536 -642.9537176106845
-614.6232824540406 593.0777677668187 -550.0973352969813
-193.32469973051533 -50.19250430201507 -707.498223009597
-121.67835726127234 36.66502395851273 -71.17805924192649
-499.06954537312083 40.58371902585309 -219.46019712172998
11.430999500373437 1476.4790645377227 -1020.682978966611
546.2770677841523 674.5143901519834 290.64930830974674
-1386.7349742895 -1531.940496290973 -862.0856069939045
189.68249915932904 262.96314276369446 390.1624761011492
1110.2112729468242 -466.09494171010715 534.6161746238587
-19.572626845259357 -76.86117320613556 369.4652959167498
-810.0066625399354 7.2773611921157055 -695.0289837587857
348.56511509573977 -427.08495414942104 41.078046081870355
-39.194544464421455 65.41123100477364 -235.45400667369086
152.86705694645084 790.1401477892231 -1.2347060988756893
542.8601567124072 -180.5539997645248 109.9031138032798
615.3262252674757 -239.46929180335695 450.05790465061233
-1498.844948936761 -182.02751760662778 -1443.8178827039953
109.7376536856888 27.574498744156273 133.29395879275611
263.0963417416301 26.89299485849288 227.5190273199067
1585.5002120557604 39.07396322072418 3383.669856240845
-318.43576137755184 178.3413908084204 -870.3437995348521
-908.3267770268798 163.00177302675075 -1130.295091276709
-383.3642653186208 -38.707955759363294 -170.55633760775976
-182.26309338424767 -335.23468613247036 -4.96036679967552
-142.786393381968 -184.3838002465338 29.67731119219413
1166.8047089132028 748.9757148213205 -46.82564115237551
-151.75488899640644 -95.78989882110727 53.56951040873333
-242.76435754805038 -113.64067473939471 66.2279251552232
-463.2923711412494 1306.8466451301351 -246.59760974494813
262.13650375384987 -331.09797530891586 255.96074683217617
-280.4088756851247 517.7330520513697 -1851.3961081131586
-5.788997988419156 -197.63690328820417 447.51053930515235
699.8491697316057 -760.655805073895 2754.8094278576596
-149.65791071624145 -7.930016502286788 -422.6197467018471
-815.3209195004099 -2111.8996973925655 2499.0882313671345
-150.23285782154537 37.0303299715273 38.19119583009516
-419.72032538525923 34.11388882714527 -771.1588438000429
59.5689434289321 -311.5290728753026 372.1803860535343
403.32951156931176 608.5204383247507 304.47684522802246
78.24505164678682 360.51310036704 -486.71262154442036
801.5336014696935 1927.764484068164 -1771.3367861344482
-47.97150790497226 -212.54508893333636 -442.67621561398704
9.48394311785635 -105.19346956250905 476.9113883451175
24.44067670743298 -2.8672600587560853 -341.07069173216377
-690.2278198119379 1540.9584207768046 -956.950363934684
171.19097172153488 48.33747762360501 82.23625865217525
-581.3837139154515 -2608.251710819922 -1400.3722495358684
182.00222278667087 -19.310003535814168 418.35071992958717
1296.1373582522638 2969.1626338021915 950.8258436329769
-291.4981329295677 322.479714804301 -69.20178578367953
518.4002889401306 -930.470126052679 -61.14097625934556
-197.1299993090046 341.10606548653857 -202.43064606618142
256.19120831975914 172.4138433958657 540.3244217215506
-381.96190137168776 -628.7730100311726 168.48698859037233
3.5572518387697816 -293.1152683425396 141.40003656108593
-63.42386372511237 -165.00650104093796 -139.95951991510012
1382.756046194783 -81.51979827746779 1455.9313099425144
-695.7461510234784 579.9798165287008 -815.4222831658067
-397.93711458021363 -192.36918452008186 -621.8508894554197
-1956.176329550525 -2109.9791706271467 1419.2377432574476
561.6710643090942 336.8061195704036 -381.2449865705182
1464.5954041917912 1085.9828772316043 -1806.632482041906
-347.35239780113585 372.5388612324258 186.2935147286454
351.2349591068694 335.23476076230264 1247.3194581556656
-438.19411773288414 -221.32813235778622 -660.7072434049599
-303.43244982082155 -527.2806497946162 -51.37235656135464
706.3644429977469 -502.6461072640729 -608.0630892042294
392.792016171363 346.5626491389709 -20.598499025272012
-2938.887126056639 677.8906749538276 168.91484185317137
624.8940898676639 -107.10391050523991 -300.2712016367616
-41.64331183392509 961.094458364757 1757.1496032787834
259.07778832684335 -93.08318038547863 -293.8276231660247
662.1664352630206 280.64531372232096 -76.66754592669831
2824.8935456970844 1485.6485844061422 -347.83926938177217
295.4553395460841 -2066.0049513709096 -1081.5525265583162
-3533.2994954883284 255.66946543817872 327.40424800829277
-170.08035771135403 -18.274540258817815 215.32374976081806
-742.3550148928728 41.863667747757816 -405.58447337256655
185.9628372576504 130.9838081160193 -179.17056100675768
-450.1751691270336 13.74224623640901 -1803.7173896932338
790.3137182345898 338.0750921281221 271.77452076955393
184.34584929764202 -1339.965477364971 -184.22792049597743
60.066906385213855 366.8254728406479 624.5784995631051
-522.5861944610713 22.82900920810137 199.16515814887808
213.0871531173867 326.4094513571974 -195.01844772805242
517.2736588543216 84.21341421765095 741.6816117656136
53.21062717334909 197.147464620017 -254.39418243843667
473.7557730583698 -1160.5253223682319 1774.4525947047384
599.1713682205717 -975.4946628982133 -710.3781679300879
-137.8074846471371 -257.2943557642962 338.7133879851413
-326.0779570992054 259.66645488445766 -86.63192853718631
-1310.0045959426739 -154.96528778936715 -802.988879202207
-558.5222566997818 983.9091540160643 184.8412007948863
594.930293176795 283.578632089925 -1237.8185032052916
-345.4006357613289 -160.4434795430147 462.78674729191454
49.95739016609766 529.4287823406136 343.53186117060625
163.4778213113361 -269.7650789290212 1432.1100527481562
-251.1378644166571 -323.4199176790041 140.18118950539719
27.859584516373925 287.2651068406547 -164.66146893118201
183.02164336638896 -2367.5052130475938 330.7622466344302
1354.8110430984648 409.86182327723026 -323.4212381033359
-1124.985139213364 1106.6815587189637 -969.065814581323
1644.7687386283924 628.8959507100041 516.2271516028667
-197.33868155315034 284.2959744136623 -1119.5260852567023
-623.9408207168832 -794.4546170535618 34.276321853274204
115.43458421652747 76.01942739307901 -10.033816974707651
1325.2798302193582 1434.17276004624 419.30911430484224
-187.29625615960285 -235.4700515005045 -25.41092122754738
-518.88715820951 -2026.8619381484577 -564.6996057716899
276.32958543129797 205.07992671661728 95.4140132251534
-279.5174859928348 256.58125679850826 221.41855935303457
1060.6144931438516 1242.2011907774365 1107.4564913539798
-239.12992125564557 -308.1784333538162 29.592620955588984
-580.5826519331085 117.26327081157285 290.44043432686396
-1085.2351255743586 -1094.192953016967 -2076.1066121169424
166.70532038831516 -203.76025744360197 105.96576727609325
-183.24448547824173 132.03734605884048 361.58949260262364
193.49630237529092 -130.65023872014993 771.5615958576001
499.28999266794494 489.04890466771485 203.42760849660186
827.834454471313 903.7368615315836 355.0244816578715
-316.43997421835525 -323.2162848527223 32.376288968143186
224.49324304903482 101.5020871025395 76.83250240649885
-69.73977633763045 193.80197496676934 -92.01277744012384
-665.5043321951838 -684.8868617836672 -370.039383929535
146.71154291846338 317.1753340754244 158.8983229501906
-151.1055298643367 -44.75950641478992 -120.55546268765133
-762.3970570841733 21.733635781518874 -634.8764605788917
-100.96407356866061 -42.52093199790699 99.5110677229241
-323.3131807023152 -1264.406933583346 -193.86573717859335
311.53241752632914 136.94933602611783 -301.2318277196553
-646.487526892166 3175.5268302688896 1155.350360428233
431.43931422069164 -572.1957294771462 -146.63675281824695
1502.6361516342151 -1227.1812754684897 -1807.7205596949182
169.92039835088244 213.7341928856183 401.08515971854996
-808.4830819371466 11.53235749144065 496.1973602190397
515.400983028416 -188.85610644626593 1686.8295738140732
-232.81009254471212 344.14202112750564 143.3049736802361
-951.5158155976397 1053.000747453518 -454.85678767496745
-61.388798785953526 -490.57964399257753 355.05845874515506
-199.31977964999118 109.29772505274866 208.6885122740326
303.3984118840659 -282.7055404787844 -53.226802002622705
-1086.107206904742 235.1266031743372 -1043.39800272101
295.4654962112269 49.818745819259526 159.27447647721604
418.9276598159897 -45.91460488986394 195.26945769642828
110.50378529165762 -48.07497795458298 49.79922225116076
1177.1208588193276 -2027.9012479811215 -2460.3861292919996
224.3611261126167 -7.697448414611387 281.79167200464303
-1086.2149095402847 822.0358772774193 1287.9046479229974
326.49737126525065 134.5026180914419 -207.75773689656634
565.3042559442168 -852.8656997785021 -99.20076673083489
7.233581804743031 278.8428549162504 16.92161265472691
1652.8723098132352 1657.347667407211 148.0994104005918
-201.4475546278146 -687.1461923644379 -291.297980683194
-582.4491765027817 14.629641477325722 -80.17371294257111
-1385.7674219083556 243.36046724542499 337.0603484644888
382.0564819638265 -479.2917354902305 363.4075713669168
431.0513043251325 -103.19151022330998 -422.1201917512716
146.18542995990444 328.7391685446363 673.4732549271449
-222.34843306585043 97.9698860942064 -325.29605323646376
-564.5391269266429 -256.0610795481329 -554.3674411001756
768.8591315731798 -1010.6000401547312 -630.1354576763571
37.61965557874199 36.673084483090896 272.6498630550106
246.2928297846926 187.69825625673099 144.47936352402175
313.0185110939945 830.4995402298139 148.7299653631322
29.3470242239259 -5.023980785124953 32.14755707549927
-421.725366199423 84.74222525728601 -158.72680992004555
-382.49202881750284 -772.558376455374 -342.11967393104663
-724.5370118265906 -1038.0603472932876 1803.7008163898165
739.8483386281149 1003.4217389762165 -2290.27260102406
-1852.9649838173516 526.581164008921 1401.2233967089753
2.5660717791880936 296.60397657271125 -88.9970051698007
-297.62532178287137 -1897.1009295741887 -291.24191359685994
-36.923609954866606 -49.24191609391151 56.25475302782571
1362.3252201873152 42.95635763588171 -51.08861313062309
-58.57075085300773 227.57886806503828 527.7940956268124
-20.52852301969372 562.6075624210998 -458.71477745509156
-453.9582648862288 -822.2867918338543 462.54935240315143
-193.6999654433012 -437.52246346252167 35.11386038283054
158.40283237461009 -271.8277402257955 51.719354198160794
1200.9839318347247 1881.6742630274307 -1119.828136465399
-624.0625600414347 -367.3177692899902 678.3763276145613
-279.30327409955447 -421.2295212124136 297.04232362219994
186.24410693453245 -424.385368259826 132.69742137991176
38.700463836774915 -10.681495248286028 -82.55723381968946
-1175.2264775420308 -1194.0215049857713 -1379.3049757259985
803.5197916699939 1261.5921179158286 531.1880928358682
104.60377314196474 174.01161642801213 -92.51927752353176
27.529342111954048 -140.0551379145987 128.35248489242167
-670.476211376213 -619.2315604268755 842.5155456377661
378.3890306235197 248.5577290629085 -580.1766564915841
232.4488586757027 250.97827192258407 270.24942770752403
1586.822795957215 -1382.2795333001204 1476.6910135104533
-481.0920634515281 548.1950512979672 -1227.6518782768164
-677.2381896453268 1906.7211463809285 -149.34128841449046
283.21885399802113 74.4744512679303 -91.99873480177158
118.43944756156972 -1191.735230574943 287.818616563201
187.02361848616553 420.53019324333707 125.71940116595626
-989.3672120773612 -840.6972293574353 -360.5616947813845
209.18448888293972 646.0956501707528 37.500453893544986
209.54905440742618 621.4337861116485 -197.18417094261977
1009.2581277336681 380.6358852786754 -698.7455613354044
-1044.075520176566 -1216.8372106711174 -1346.502433991859
-230.2908787807348 -203.91167607952428 -132.2322102734246
-330.78577975547677 494.1719295178553 2280.408582063948
82.43247964428794 727.1007024330104 -82.73149746275458
-251.11294438306595 -1095.5314422390447 -481.8626043662444
530.0663460661675 41.08402408912105 -172.42567945799584
373.5659499290526 2082.6964805843495 891.3972204656549
-213.67728480423776 -268.03199523348337 -11.074238829288998
462.5242667391585 -32.98332052157021 123.72788360301172
34.114622908752544 -583.3593228577822 -409.27630779236375
899.2936236061241 -1376.1770672047023 1662.7172162451043
-1005.2247442949011 924.3622682729457 -1477.6942513697325
-603.5674605603823 779.0431509741031 15.580233435714794
614.4714286605305 -16.975026187749236 -418.05139363288106
1016.484388588939 -719.8011720305844 1167.2002253298451
23.486224381335315 -133.4892086587425 145.6701224465734
-315.44258712782795 73.0238284235572 -1106.6195765144103
-130.02680132402432 -338.8573223083054 232.98887627422874
-36.67044513041402 -214.97545549351366 -45.86895945688209
-48.36268944548283 1436.7586083063984 -786.1073214929597
-117.15177514133424 -513.1566773610215 5.184277336324678
-214.76191416255045 988.7891572487249 1042.842588651173
-181.23996663554638 -67.94062568135004 -298.987122629049
415.7426504990628 -395.66764311137456 172.85213081952182
-356.6122754129765 -156.14910361117384 -410.1202161317702
-180.88488453093686 -59.58980798283298 848.964304664354
316.4908735273067 -4.446995026756316 -398.8418073043602
50.50745342409916 -275.0442107789165 -39.09409114200969
-86.26360563398744 133.63347089278494 95.18788598113163
112.5780499978389 2055.4904211223516 -891.4303030319076
-376.569096241718 -739.7619426050727 899.5877117362769
-86.51042741523486 -1247.9073716092967 487.6427229644808
-95.45144809324256 -328.15939426674055 -268.09809271517423
505.3606303694599 267.0014473296745 721.9121165807667
-28.51888933149767 -284.96124716473076 -86.38817277803399
-742.9396195595856 41.76504130191245 -532.1988086158772
64.48693742541244 -164.48019240912652 -27.706566066658095
305.36083222678434 113.42436408164816 226.3466896002943
-210.50878941471424 489.6450656853358 301.67290453116493
-151.3125713864828 -476.1349237736565 -26.56190590662185
178.77816827229816 -331.0521158000812 -157.04158636802094
-1568.8951467083343 299.5644197918725 398.33705574370265
461.10029818881975 -586.1115105108831 -468.6720308387446
1370.6584854448784 877.3303654265671 407.9691611519898
1085.3732867692509 165.6028396321195 -3215.757357211112
-562.8473132817986 -544.5119061400871 1500.2403587685021
596.0317765652982 708.9888281432171 1229.9150430908328
-137.65789984555747 16.82174503968119 -222.30727470590884
-1074.4778470389847 -638.5337979229625 -182.4240363713653
202.41239862496806 -22.459499607370997 -187.52254399726982
-154.85982815000457 454.88659483100605 -245.87454721422608
26.633800671895457 -64.80616361870175 -271.5985573948196
462.0197248513631 -130.7118734662042 -315.2348220212672
-1128.7501832116056 250.0199735029207 1223.7757708030215
-118.33338093130429 202.72503117892728 -312.50613238155904
435.73171171170503 -411.16479977427707 -341.03464642233564
1697.2741964873085 -1047.1959670508838 813.6684179125408
20.577933597210478 1018.0831943548272 -1653.2436857847981
-718.5549188820381 -162.49279244520065 464.2215542349887
-1270.3154895739556 -674.4401415093337 2337.746929297643
680.3720708993734 66.00066306874334 -1054.3017906732662
817.3967001903333 239.58953032962208 603.8089914209372
100.46822903287224 121.53612173780982 -195.85093172223804
-1608.842396301395 235.4407465836873 -303.7771689632723
477.2098430003171 -344.0520298982474 -506.147619990664
-709.4730912905264 1792.0549971911166 -104.63969053571975
34.91432984036429 13.795071860250523 7.993313880372577
234.8653210649439 -521.3506560746223 -158.33687630535226
553.7974239707597 999.5627866484721 327.6927155989539
-40.91398288033533 -187.12903471814235 -236.4522065047687
99.45577044508575 -451.04401118093983 -524.6072119608392
-734.7778887238462 11.946149442047219 -609.6135287049326
321.64589578454706 -88.64066101872972 -234.65691555792998
243.82587719499483 -88.71412372695013 345.8529487414929
577.1057792574136 52.22334530912738 495.3093854988393
-371.0318837999336 -93.07531360962673 -63.58163057575508
156.51649418328188 -310.024246613778 45.53717494535186
-169.38468639877826 -45.05376641124202 194.17821406713463
728.3320000611783 -151.33903985584703 1819.0722755669287
-59.31440026542255 -51.027466215557126 -962.6904967958163
-1771.9810464744494 -765.9346749301561 1101.7636907387366
44.397262631548436 -453.7307336449867 -477.61635842130875
-1535.8130111464552 1181.4740519031825 -2496.147620317387
142.17932879514163 -51.27623629233843 123.75632579943779
3151.090628759738 575.4600670876854 849.007098107263
162.93109865333327 114.50490507026815 88.2162875371121
-64.08152158090581 -115.16241498476806 9.547872248003369
1317.7445879951445 293.14298694275755 1930.3094988537996
-90.20518213093877 -35.982766886904066 13.421342402725195
-59.80599391844824 -339.63880252696714 54.82561085666574
-2049.2086868245196 598.5198177469427 -856.5803084426832
156.14604854946955 -285.15079970868186 -57.08866011694935
124.6792660268164 190.16412635209812 288.90795475849677
1134.0319839799542 -976.6627658358558 -268.81986371583224
-81.21262689970895 17.608262660532862 9.112993664540157
999.6152743892984 -751.2362910317814 -233.15363127150508
-2662.9847293063926 931.5182484758626 -365.45627607224685
286.5813668947417 -106.27151931722833 -177.95941675323866
215.2220683454187 91.18000228515263 -40.5047778937834
-153.85442295937852 -121.88798067736347 469.3606573634774
79.01637962422663 188.74025561621153 -198.063740717812
243.66650649908019 -132.905464575591 -18.391781571976747
-252.42702281697652 181.92308652802706 -3949.922136452281
347.99996943623904 -520.4788211667358 966.6471333890156
774.5481693023644 -1538.2632400605899 2402.1695068525923
-791.760815137313 1009.4043708441873 -323.24999333094956
-964.9932749622583 816.5189996836699 490.2069228476735
-163.0104536845161 -235.79866446346637 -421.69557070692616
-1186.653846287548 2982.718065658151 -1049.6373118368008
-23.208392156046866 -1035.3409010425926 69.99528569356627
630.7780818190918 -543.760359224158 191.33317059273722
1602.5075421137083 -1903.5370432367629 -58.34673547353008
-321.64558248825375 443.919448041724 319.0326972730483
-199.55416778252328 179.6027401957171 -48.16757525772015
-1239.7007632143525 865.9483734777928 -816.8456633733856
570.9902687706509 -423.16616460497863 446.34598322782443
858.5803899412341 -436.90690338656094 249.7665558932806
-369.9026960357801 221.48396996280403 256.5125101283639
-455.9581314175774 46.075799617893054 -291.2840591771203
1689.996699504226 -452.8180916280012 1623.3841287757648
119.62756169414006 -54.273704593759724 -134.0333088880689
-1686.2671515792379 264.7740997626042 -954.4694608075557
-47.86038690011542 -556.8556072460534 -883.2168006835693
167.02952877655068 -480.3232942686714 2034.753995354793
447.831449957034 138.47836696406037 -245.22606707959895
217.00122149841263 610.5400219849106 -106.06758029243599
135.65524850457868 -80.58336199646065 54.66892611213172
254.26189015123384 279.3102177695141 188.4736369966567
-657.6952385452158 22.46679524080661 -465.9449249939309
221.988260620496 501.3584647414378 -30.79150511669258
196.30658086655424 105.35261711971685 -37.42415174159276
-19.232403371154863 -1921.368603901589 749.0782979176904
-245.25078816546733 190.46125392504106 -274.5794828787829
-359.66228951131296 -215.72722009908568 -26.03500008330754
143.55223486677616 807.0624246131927 229.84934578463293
-344.11687374736425 111.7710639206467 -45.31826495605198
453.8914133903001 -79.50439913234453 -465.6509186544007
225.89495216733246 335.8526139412566 -266.0777202396143
-82.06655703481043 -31.081298518477812 205.00591355418283
40.20743756493245 -207.93794244906888 13.649646833829058
71.33812536336927 -400.32969136199307 187.32105603744145
-332.4409592530738 1551.8439052142992 -873.5454485190334
145.20854300103494 -325.354344737181 315.8780634284194
965.1535044786427 -1025.6666142846593 140.76999709172446
82.63647146160628 4.958115454651302 -192.53083303876178
76.29083217565021 687.4187706391676 2058.435379794386
755.291363572311 188.37241013719984 -549.6131403909854
-1474.7822038546271 -131.65599272745803 -1036.639504405623
159.79792336332764 -178.37480962553664 -31.52914370516767
409.7851392901793 386.73317481927944 366.0204005471648
338.6598054351947 -21.33948748494117 472.8618050342358
89.58114310242951 57.38242574550341 68.04994067218838
-48.76279502982634 1123.1587198339155 589.936976446479
261.4489227288322 -299.79650401214093 -214.63541523433778
208.33409691537233 -383.0743866746578 43.327732283234425
-61.59110485719602 -508.1029687550664 219.75783938339177
-874.5900628730354 -61.08525724299746 -383.01333786950386
692.6731301342774 -116.11361416742204 371.58333985519965
-693.1916652400855 64.3212930441568 -430.62044734778374
244.90263164788345 424.34347993622896 -541.1164865092086
-2082.9613949070267 -3614.987983174247 -4749.371524267097
541.4741156797329 1133.0517662845446 2020.851612899114
776.6884386664319 1137.3557877074252 2216.9721512984174
299.1146632342139 951.840642950749 -311.8380848259394
704.8598225223063 -440.15145327731966 1395.5949465008537
-372.1947426009579 237.53397468864205 -607.1191517184393
-1218.3249934346015 677.2740850122104 -684.8243335456364
14.083827433333514 -42.72448149558285 -0.235811347779986
99.60563103101116 86.69086095608627 353.49473486529894
-156.65781633179645 -1619.236210963035 367.23876494430965
-212.11956794536573 380.8833150189326 -199.7611151283622
-437.4655743179016 -75.02638366188498 -122.54206797869962
-1065.5946488197537 22.501403933282603 -694.7454862560523
-291.42955578647667 635.8306729073776 -260.11833824694565
2135.3278508948797 -244.61201693269945 1482.712582514702
3146.475441600437 -317.05543737811166 -3287.8410464894378
-944.4429159064798 -382.615420154296 1788.5547553678973
-1134.1221111155883 -704.5588197846123 1331.556733439616
-158.33285281651482 290.65865539633097 -192.41750477287718
-215.6809474592336 1578.9279624719254 124.63415520067814
-128.0439316478887 -76.94455638895418 -308.8422954299051
206.3986068480553 235.6159053983036 764.863776309034
-368.3192653606315 -220.4958789528143 74.66491085784968
-185.26372701821273 61.482907786504846 13.893422602629302
-810.8344273664951 -215.31577228671276 -682.0493667971297
-329.67916903749085 -268.90454994012924 275.5915225202309
236.40040996757216 -110.28788581866368 526.6991867604813
1380.698280184597 -565.9236013038935 -1361.44507987054
-668.0178503588329 115.25433082494938 -9.587985024823162
740.2249548633378 -191.16133618263777 255.93543787392986
-1443.7653637721914 772.2393557972498 238.02959547645182
1012.3343217241521 -155.2335633663721 243.15982892846145
-172.22739622894517 -51.0969342282759 -20.50420841446226
-610.3926578156759 365.17283153509374 584.5307955762277
131.80057579756726 -170.26724199913505 -0.18876737992334908
469.9896699014978 17.872228737522033 -462.9070069537123
513.1675485613055 -107.4518229908099 29.31670827653299
196.26072389563478 -234.75288413160897 -817.1637434123103
-87.76496363784194 96.17381564395578 162.66287835678318
-530.5493992517328 -580.0982501927466 99.7805399330498
123.1180806596846 -31.09940294001844 -147.28262833695808
434.02238068940164 797.2456113102484 -1148.709627277677
-290.5876105733578 -299.5385755684626 197.7198557668271
914.2240810094985 930.597474529449 -472.93216795550546
-726.9816527537852 -866.4266209141849 -130.55382265622998
607.5215555770576 -127.30146538110924 139.15395375142126
-486.0721398691405 -555.3687769559413 1520.7236677673704
48.67036059132264 -337.88954063298587 -274.58609254428194
-4.255854678368181 -328.8653876128893 140.99738915863844
-1356.616709010432 322.37819484558696 -977.7442800804893
56.75047371400963 499.76795395531417 153.68892732460762
181.41609800770672 -127.01271491805115 160.93204911648164
2295.776470595275 801.4705474485679 -169.2731684184327
-449.47403985355055 -278.4252680997517 394.37489970257536
-471.86829375532693 -36.04603664893472 -150.05182614157343
1163.6294789289038 607.9194364760829 -156.98384229055546
-470.2718004238011 87.92422167780437 -64.31507170113724
-16.923064837526656 -693.1548637155222 198.25279389365676
-834.3320436589792 -164.53624316902366 179.71443947458107
1607.1188005800836 1180.140462864389 2042.9752538819932
-428.7340670917993 -318.00959027990706 -428.2928243804407
-2244.7681835668677 -763.7144377028524 -1325.6725279169261
126.83868486723173 18.244862272043424 51.00147350735285
758.3075040722066 -811.0409551407058 59.58561809621743
-12.311110024302462 -174.40497696451308 275.518632672159
155.329173752975 -130.00885608917827 -9.891355087610503
-1877.5179479182032 322.1010179551823 1346.6615263334872
1184.6118168163282 150.11334972693504 -931.9962351613401
149.66499145065595 653.5882448397547 -398.17707566368927
128.96967093663332 41.41868972383946 -61.789164774027256
196.78179361680932 -645.3988428060802 727.0933612425093
83.79674893197647 578.2436011766749 -143.97343910015147
-64.28431722597531 -710.3661131022053 -947.8738259083227
-17.620236510143414 269.1137224141657 -104.15144639117237
-145.34053238389754 161.2391752507146 286.81264445386364
-1336.633556061341 781.4729610458343 404.38132750172116
-1861.4007697599109 -103.26457224151405 -636.2333050477752
3.7666059838019015 -139.79840712570834 173.92366249010098
1641.8432440514234 -160.095474109323 335.41346541224533
-551.8378846250877 141.44957695787363 -307.71026801837877
1076.6034476630266 -865.5482618619609 -732.6514802746765
56.56128919008098 335.68869113230875 562.6171567987783
-16.959135498159934 55.23266526768964 236.45953165239555
-1298.3127113911935 -14.077937112781397 832.2602243656842
97.30360002383193 158.5670247265781 -596.5150683962925
2165.728201275413 -139.17452181170833 402.24623821024295
-106.70185799540212 -74.80507403733479 143.0065798997825
1978.6123746348123 -2610.217715367367 -640.4371357267878
-862.165105316592 2303.450516910208 871.2920024427426
-2003.5175666376977 1055.82394353925 -1013.5588824609879
868.5523052018949 -179.14189287141755 600.608697894666
-780.9665378856521 -115.5561068648558 -1013.9525948497266
314.18412753379806 -148.7164981373116 344.9820104404215
644.9604936498462 -139.5346986309694 910.6160156900884
141.1983925303459 98.2239019637508 -401.9504687217117
-894.222933386371 -20.47544435465126 -256.79954562525967
29.992778421155 155.84061096115886 64.9534769017787
-134.95585034856728 -748.9529852373427 -304.51356293896106
257.82542372740164 25.184128598009647 -122.4418189226369
92.69431178256669 -50.08238411769107 -331.6670305702158
-216.50901621956424 -103.53033099577932 576.759572006394
118.3275650987971 -3442.523437179259 -452.18419175810766
150.32078519298358 1668.4531817034308 71.88490441170777
-667.0547502748544 956.3873914177857 900.857706592409
53.973232956901946 -86.025395334449 518.4973399370026
265.7980573256136 979.6688238694212 246.38893364305767
-471.7187836007151 121.6011536738801 -864.5859516990708
2947.814776191612 -1742.3792951673604 -324.81352559771636
-825.4326265082971 -46.83471442431686 -85.99160941660892
-123.3462504195376 888.083237833854 683.0792796696874
-55.574591236104176 -277.51332072329643 105.55240418675827
152.7876937060825 34.74976085737071 -25.973268110148286
-96.14496341923213 83.24428374390992 -403.30557409348677
-308.23428267947565 481.6223455837932 205.82520444804555
-316.0944021478034 258.2486120623779 -526.8806250827787
408.2221254347143 83.9253670173562 -10.878394525193642
-423.5078561196334 -53.89062389323975 -16.109349312819695
-1289.0026429313064 3467.1009734835493 1561.1960779292986
196.6895912264341 -2462.759236662433 -869.5562289589602
1271.6553632687899 -2318.806406175534 95.08381144185203
-350.5334549404588 423.2398526962726 -246.8381708857168
1100.488142139791 1170.8485444976363 -1176.9867675441512
-327.13866671485266 98.90234044018715 -262.1836171716401
-655.8977585783163 -20.687799777722777 56.65115804391642
367.024568346557 19.87722196507929 -72.90693222523925
56.18892448731173 -90.31049342933763 -86.86373351348212
704.0826780550467 81.70523880223554 1023.240747990537
-418.5986584386456 188.44555676192545 -356.68864610914756
66.15460563901674 -906.3377488326829 -998.3016175037578
-2397.8153417119083 -1548.3735419609632 2702.330616160438
449.70099125335713 1932.8286846786293 -198.50132021434646
1731.0098166881567 385.3506837204234 -2533.0979382264923
-174.5510836502028 61.430813212213856 109.51773145091893
-2182.7095494785294 -1968.8733002245951 -14.323478590111007
160.8025882146807 82.38145106672228 655.0498576981824
-705.4544000956171 1227.03394914481 -1111.0093859530623
-117.75535880312816 -39.1424327150634 220.3206647829342
85.54835994712982 -1270.451809394014 1975.4914106838528
49.48389281481038 221.20434313357262 -157.45624754340253
-39.61107975741509 388.43350070099854 -180.26329746042836
-1.9064206406472708 17.028896354478174 -300.7814279873057
97.81187657090047 -701.2911234225605 -1730.0526755295507
452.79842045263416 779.2210861413338 574.2797248312224
512.5431864308251 271.72181156977956 317.5486898029144
-436.54546314248734 -282.49628526626395 300.1839576880913
-73.39311280407965 -352.0906760237935 120.7512492972245
64.39681668979884 134.84732338078257 117.20506920455001
157.79291777511176 144.22538251147748 23.129539576888156
989.2546412078033 595.8370330301979 438.87082465971355
-169.88241516635927 -1110.6912063616933 12.30384039502576
1092.1651185607082 810.622659386817 307.80013900610146
-138.61197695797443 360.01260266209914 14.087978874026339
1430.2948766434806 227.27688262996153 98.41868982171948
-392.90052657066366 110.56377006209794 -559.1975647494683
-491.4270493797269 1.6740198399318458 59.66764793233253
23.103837936843384 7.90462935399866 152.79204075403177
112.13864835251039 38.9228625894847 -160.83252769207596
-180.46150064987324 809.9000677027498 -535.6351094431596
363.15269957866656 360.3559232591479 -139.56181363695387
78.34970585238712 155.14298775993717 155.97950762830953
422.2552773882629 -1403.1146487187577 1214.2028641816346
-290.50006140829385 -95.56132108226747 89.989236928899
-9.555083974070865 -12.156225374736021 -382.34500968699
-507.83939641496073 651.7852055213345 -462.09655773253553
518.870528654127 -127.90638714979696 -145.55731902237085
-492.5111578592372 -360.2918130744162 -81.56938706066214
-781.1512127039355 -763.1731868232606 -765.8101774747187
112.41362061892733 82.41171288116156 541.2621118988017
484.7423404469584 69.59212650838178 355.69540428804385
91.00603231797314 646.9961624799089 -133.44840646235085
-2166.1923164929563 -2115.1615834655163 236.61533681123123
767.3887887349096 1307.8683306084745 157.8600318278973
973.810238820706 235.08243248428246 -1237.1753371992284
93.97753629678022 -17.17814140256859 -49.0381058105672
-101.60258284147446 893.6816985302156 1548.8473621264202
-321.92104051057146 26.07588102749267 150.01737970786888
-545.2509531665934 -16.742224934730146 642.5343402017595
-63.823922405544195 -250.69244723849332 -981.8364238179369
-17.210561056061014 -1623.411146161842 1067.1011813460295
91.49764888708874 277.80359919480696 -64.49923966460288
-136.88092903478153 645.5683785420774 -227.86897701256834
-269.20409868099523 94.90077093254416 -123.73596801173025
-599.8069387845925 601.7631424150067 -361.36810696096876
-23.074676189243394 -25.687502393940036 122.0897421046289
-519.8517614057464 311.366829530656 24.7303531738668
666.5046500492448 19.279712991980457 931.4458398460943
452.0857923503002 -193.18853110081332 -286.928673978132
384.7833162500257 -99.4768139599522 -480.3858867611182
5.0215990638396795 -256.59729091664036 -107.27624154315548
-163.22951762238313 657.4057050521888 -867.0378046352328
-167.7486428747675 -111.96075826651729 76.00235770790788
616.0605041844747 -2626.122501224539 -202.0994979146613
-376.8183558568356 382.85123529811733 -106.34531149979249
1485.5006303267526 78.79710420629927 -1335.7134933245761
-110.86891791115886 119.9596040488841 453.3646119170018
-168.02148941692073 639.4354309049211 1017.745200573322
-604.6398162693515 637.7573871564556 221.92499019250022
40.081945755528636 29.743249123141112 307.1296734002656
0.5202253775890142 -1257.1874722859393 -909.5678367662549
-989.4333946160837 463.05214343783047 -37.5161158789161
241.60638047174837 -290.7036348029172 23.37150920515156
336.05239938872216 -447.85239549839645 -956.6350140285606
-286.06779315011863 537.1217161124353 586.0436518591052
-515.4035703034333 1007.9470706132155 760.4849331853992
1688.5601828992128 161.87726722281505 948.4295327425532
-670.5420123229444 -618.4258526543273 -863.9850878968564
-598.7473962418942 -296.69486592788957 284.7125646262755
